cat /proc/stat for rzansel, node rzansel21
statistics about the system since last restart
Thu Feb 14 08:37:43 PST 2019

cpu  71408109 2232 157510243 1023477892 12111 0 2116 0 0 0
cpu0 753224 0 809203 5517239 2101 0 91 0 0 0
cpu1 600771 0 769956 5737047 69 0 532 0 0 0
cpu2 411613 0 727739 5982108 110 0 111 0 0 0
cpu3 416899 0 722054 5985155 162 0 8 0 0 0
cpu4 666229 0 1011581 5440561 491 0 5 0 0 0
cpu5 362903 0 781821 5979403 27 0 2 0 0 0
cpu6 315722 0 715917 6093358 210 0 17 0 0 0
cpu7 324790 0 726703 6073842 10 0 18 0 0 0
cpu8 620327 0 1189024 5298858 118 0 3 0 0 0
cpu9 428521 0 968545 5717023 12 0 2 0 0 0
cpu10 319434 0 774201 6027665 12 0 12 0 0 0
cpu11 314841 0 770366 6035471 1 0 0 0 0 0
cpu12 568086 0 1214185 5327882 51 0 1 0 0 0
cpu13 383848 0 892122 5843476 3 0 11 0 0 0
cpu14 348914 0 802061 5971828 4 0 1 0 0 0
cpu15 319742 0 775066 6027697 2 0 4 0 0 0
cpu16 445320 0 975505 5687373 52 0 50 0 0 0
cpu17 480608 0 1095883 5512026 10 0 17 0 0 0
cpu18 405955 0 917636 5787518 13 0 2 0 0 0
cpu19 318745 0 751897 6049545 7 0 2 0 0 0
cpu20 639815 0 1215671 5252252 33 0 0 0 0 0
cpu21 436474 0 930016 5749056 80 0 0 0 0 0
cpu22 312262 0 747927 6062423 2 0 0 0 0 0
cpu23 305083 0 749792 6067676 1 0 1 0 0 0
cpu24 547050 0 1209201 5348815 6 0 4 0 0 0
cpu25 389061 0 879226 5848843 0 0 2 0 0 0
cpu26 338294 0 801295 5982637 0 0 0 0 0 0
cpu27 316913 0 756122 6048200 1 0 1 0 0 0
cpu28 615819 0 1246970 5243790 26 0 2 0 0 0
cpu29 413482 0 918347 5785581 4 0 0 0 0 0
cpu30 298996 0 734614 6091385 0 0 0 0 0 0
cpu31 302673 0 724911 6097020 6 0 0 0 0 0
cpu32 607684 0 1309291 5186887 5 0 1 0 0 0
cpu33 416320 0 890896 5812504 3 0 0 0 0 0
cpu34 290689 0 733017 6101746 3 0 0 0 0 0
cpu35 285358 0 733371 6104892 1 0 11 0 0 0
cpu36 640230 0 1240681 5224665 5 0 1 0 0 0
cpu37 379712 0 818751 5922086 3 0 1 0 0 0
cpu38 343049 0 810474 5967425 19 0 14 0 0 0
cpu39 301553 0 725573 6095205 4 0 41 0 0 0
cpu40 609646 0 1268078 5221332 463 0 3 0 0 0
cpu41 373110 0 879548 5865448 12 0 12 0 0 0
cpu42 311173 0 740158 6072425 14 0 5 0 0 0
cpu43 288185 0 720729 6115784 1 0 0 0 0 0
cpu44 564184 0 1235489 5297485 440 0 3 0 0 0
cpu45 400191 0 942583 5769875 278 0 0 0 0 0
cpu46 318973 0 772005 6029727 228 0 0 0 0 0
cpu47 304108 0 757504 6059177 2 0 1 0 0 0
cpu48 544926 0 1230187 5326264 152 0 1 0 0 0
cpu49 326718 0 817668 5977368 1 0 1 0 0 0
cpu50 422599 0 905844 5786469 3 0 0 0 0 0
cpu51 283810 0 729754 6110199 2 0 108 0 0 0
cpu52 593001 0 1230821 5273215 114 0 1 0 0 0
cpu53 366133 0 860532 5891608 9 0 12 0 0 0
cpu54 298769 0 719391 6104412 3 0 0 0 0 0
cpu55 329384 0 815326 5972822 9 0 0 0 0 0
cpu56 525195 0 1205907 5367880 125 0 0 0 0 0
cpu57 339042 0 808934 5973904 2 0 16 0 0 0
cpu58 305025 0 734412 6082588 62 0 0 0 0 0
cpu59 417011 0 912751 5782960 136 0 2 0 0 0
cpu60 678134 0 1148864 5272014 89 0 0 0 0 0
cpu61 385866 0 821365 5912890 40 0 6 0 0 0
cpu62 322236 0 718793 6082050 88 0 1 0 0 0
cpu63 307041 0 768596 6046293 8 0 1 0 0 0
cpu64 561002 0 1101179 5448374 54 0 2 0 0 0
cpu65 556901 0 772564 5792977 170 0 123 0 0 0
cpu66 334747 0 710782 6079368 97 0 165 0 0 0
cpu67 358918 0 815613 5946360 45 0 0 0 0 0
cpu68 639077 0 1277671 5182616 12 0 5 0 0 0
cpu69 356878 0 803443 5958949 6 0 1 0 0 0
cpu70 330431 0 809756 5977257 0 0 1 0 0 0
cpu71 261424 0 661174 6201882 3 0 0 0 0 0
cpu72 591099 0 1243069 5259558 128 0 2 0 0 0
cpu73 405394 0 937594 5766573 16 0 4 0 0 0
cpu74 298709 0 743029 6081249 9 0 0 0 0 0
cpu75 265559 0 673319 6186619 0 0 0 0 0 0
cpu76 464855 0 1007253 5630929 26 0 9 0 0 0
cpu77 489071 0 1075367 5532626 4 0 10 0 0 0
cpu78 320299 0 734167 6061633 8 0 7 0 0 0
cpu79 378171 0 885559 5841110 7 0 1 0 0 0
cpu80 468704 119 986766 5653646 69 0 7 0 0 0
cpu81 390028 134 879560 5843132 10 0 44 0 0 0
cpu82 349534 91 782547 5986858 17 0 0 0 0 0
cpu83 334754 148 745680 6041077 20 0 3 0 0 0
cpu84 450766 46 969081 5689938 46 0 28 0 0 0
cpu85 372151 188 862691 5882728 17 0 164 0 0 0
cpu86 352853 59 796083 5969868 9 0 3 0 0 0
cpu87 330918 77 754600 6036031 14 0 15 0 0 0
cpu88 909347 0 1159940 5037691 724 0 0 0 0 0
cpu89 415633 0 862677 5840625 78 0 0 0 0 0
cpu90 302856 0 748501 6071086 34 0 0 0 0 0
cpu91 335993 0 846509 5937280 64 0 1 0 0 0
cpu92 561966 0 1132675 5414135 338 0 0 0 0 0
cpu93 411401 0 985010 5716473 40 0 0 0 0 0
cpu94 319285 0 779689 6023479 0 0 0 0 0 0
cpu95 315297 0 808940 5996061 4 0 0 0 0 0
cpu96 592168 0 1284264 5223984 487 0 0 0 0 0
cpu97 373429 0 903146 5841423 2 0 0 0 0 0
cpu98 309329 0 815996 5995287 0 0 0 0 0 0
cpu99 292438 0 749986 6080249 3 0 0 0 0 0
cpu100 594468 0 1256791 5256454 76 0 0 0 0 0
cpu101 319766 0 818350 5983557 0 0 0 0 0 0
cpu102 330288 0 870692 5917923 0 0 0 0 0 0
cpu103 281312 0 759995 6082285 0 0 0 0 0 0
cpu104 576209 0 1238852 5292367 17 0 0 0 0 0
cpu105 388021 0 866140 5865651 15 0 0 0 0 0
cpu106 296864 0 759785 6065675 4 0 0 0 0 0
cpu107 316961 0 808438 5994644 8 0 0 0 0 0
cpu108 561233 0 1163759 5385414 5 0 0 0 0 0
cpu109 379442 0 961771 5773002 1 0 0 0 0 0
cpu110 325049 0 823502 5970537 0 0 0 0 0 0
cpu111 286322 0 746232 6090576 0 0 0 0 0 0
cpu112 561689 0 1239586 5302298 7 0 0 0 0 0
cpu113 421581 0 883223 5814774 2 0 0 0 0 0
cpu114 285824 0 746998 6090909 9 0 0 0 0 0
cpu115 307194 0 789514 6025857 6 0 0 0 0 0
cpu116 531060 0 1192759 5382176 3 0 0 0 0 0
cpu117 335604 0 863978 5921651 0 0 1 0 0 0
cpu118 296403 0 752028 6075056 3 0 0 0 0 0
cpu119 295847 0 793098 6033667 2 0 0 0 0 0
cpu120 451657 0 818757 5848249 426 0 27 0 0 0
cpu121 469384 0 941189 5707572 109 0 0 0 0 0
cpu122 325239 0 730934 6067666 7 0 9 0 0 0
cpu123 315215 0 772744 6034305 0 0 0 0 0 0
cpu124 611993 0 1149577 5350135 28 0 0 0 0 0
cpu125 333134 0 816704 5972273 0 0 1 0 0 0
cpu126 323824 0 746730 6054622 7 0 0 0 0 0
cpu127 896557 0 667935 5561574 251 0 148 0 0 0
cpu128 507483 0 1015282 5589716 576 0 0 0 0 0
cpu129 394506 0 879741 5844187 0 0 0 0 0 0
cpu130 325960 0 843986 5947448 8 0 0 0 0 0
cpu131 320717 0 833764 5965997 6 0 0 0 0 0
cpu132 416062 0 951944 5754006 215 0 0 0 0 0
cpu133 327012 0 871359 5922750 146 0 0 0 0 0
cpu134 322711 0 858892 5937746 9 0 0 0 0 0
cpu135 323241 0 860092 5935556 145 0 0 0 0 0
cpu136 562363 0 1240586 5296044 211 0 0 0 0 0
cpu137 374830 0 902455 5839158 6 0 1 0 0 0
cpu138 323523 0 827482 5967679 1 0 0 0 0 0
cpu139 310804 0 801299 6006656 0 0 0 0 0 0
cpu140 588050 0 1207580 5307664 0 0 0 0 0 0
cpu141 365630 0 922878 5826245 0 0 0 0 0 0
cpu142 314721 0 823983 5978422 0 0 0 0 0 0
cpu143 303851 0 802541 6014147 3 0 0 0 0 0
cpu144 559542 0 1244952 5293371 12 0 0 0 0 0
cpu145 389777 0 922368 5803369 3 0 0 0 0 0
cpu146 316182 0 815584 5985578 0 0 0 0 0 0
cpu147 306380 0 797584 6015491 1 0 0 0 0 0
cpu148 524590 0 1217246 5364271 15 0 0 0 0 0
cpu149 373953 0 799677 5946249 6 0 1 0 0 0
cpu150 350811 0 914633 5845539 7 0 0 0 0 0
cpu151 309195 0 822238 5985953 0 0 0 0 0 0
cpu152 558153 0 1212412 5326969 6 0 0 0 0 0
cpu153 358723 0 875012 5878835 2 0 0 0 0 0
cpu154 316124 0 803650 5993760 2 0 0 0 0 0
cpu155 307213 0 784283 6027118 0 0 0 0 0 0
cpu156 585643 0 1173682 5346973 7 0 0 0 0 0
cpu157 350599 0 885387 5875505 162 0 0 0 0 0
cpu158 312949 0 808858 5995773 61 0 0 0 0 0
cpu159 303415 0 784444 6030873 1 0 0 0 0 0
cpu160 600478 0 1070614 5439067 129 0 0 0 0 0
cpu161 405962 0 834672 5878702 60 0 0 0 0 0
cpu162 334911 0 771071 6016338 23 0 17 0 0 0
cpu163 302010 0 752681 6068335 18 0 0 0 0 0
cpu164 460900 0 1003043 5650044 119 0 0 0 0 0
cpu165 331806 0 805775 5981011 33 0 0 0 0 0
cpu166 306434 0 756352 6059823 20 0 0 0 0 0
cpu167 629151 0 741133 5753758 307 0 121 0 0 0
cpu168 441600 188 978144 5690497 78 0 0 0 0 0
cpu169 379547 269 887737 5848072 11 0 2 0 0 0
cpu170 348353 116 809528 5960390 7 0 0 0 0 0
cpu171 328899 115 784823 6006090 3 0 0 0 0 0
cpu172 411329 188 921306 5781133 111 0 50 0 0 0
cpu173 357882 294 887044 5870664 7 0 1 0 0 0
cpu174 327704 100 814152 5976429 3 0 1 0 0 0
cpu175 315436 100 787503 6016048 1 0 0 0 0 0
intr 9085623676 0 0 0 0 0 0 0 0 0 0 0 0 0 0 0 0 0 0 279 0 2 0 0 0 0 0 0 11392 0 0 0 0 0 0 0 0 0 0 0 0 0 0 0 0 0 0 0 0 0 1349 57 424 68 13777 44 2317 0 0 0 0 0 0 0 1 0 0 0 0 0 13 421 317 0 0 0 0 732 36 1880 47 0 0 0 0 26 1151639 1258 0 0 0 0 0 0 0 386562 547373 0 0 0 0 1422406 13703 398090 3689 1333573 615439 123499 31371 57557 31200 432515 931733 14957 38680 287339 775025 30226 82817 40902 0 0 0 0 0 0 0 0 0 0 0 0 0 0 0 0 0 0 0 0 0 0 0 0 0 0 0 0 0 0 0 0 0 0 0 0 0 0 0 0 0 0 0 0 0 0 0 0 0 0 0 0 0 0 0 0 0 0 0 0 0 0 0 0 0 0 0 0 0 0 0 0 0 0 0 0 0 0 0 0 0 0 0 0 0 0 0 0 0 0 0 0 0 0 0 0 0 0 0 0 0 0 0 0 0 0 0 0 0 0 0 0 0 0 0 0 0 0 0 0 0 0 0 0 0 0 0 0 0 0 0 0 0 0 0 0 0 0 0 0 0 0 0 0 0 0 0 0 0 0 0 0 0 0 0 0 0 0 0 0 0 0 0 0 0 0 0 0 0 0 0 0 0 0 37 47 102 37 309 25 81 30 137 119 206 14 24 3 14126 9 5 214 24771 38 724 1565 2701 79 22 11 20 80388 4596 109 47 5 4 48 24 19 2688 1 23 78 34 28 28076 5843 6250 12810 16701 7372 7816 7499 12407 2388 532 10739 24 0 2 0 1 0 0 1 21 20 0 0 15 0 47 0 267 0 598 0 11 0 0 0 0 24 0 22 17 41 0 0 0 0 13 0 0 0 523 0 3496 197 0 0 2148 0 12 0 2009 20 38 0 19007 4485 5115 5041 30320 4285 3447 2564 24 240634 630 0 324447 505759 505490 0 0 0 0 0 0 0 0 0 0 0 0 0 0 0 0 0 0 0 0 0 0 0 0 0 0 0 0 0 0 0 0 0 0 0 0 0 0 0 0 0 0 0 0 0 0 0 0 0 0 0 0 0 0 0 0 0 0 0 0 0 0 0 0 0 0 0 0 0 0 0 0 0 0 0 0 0 0 0 0 0 0 0 138 0 0 2 0 0 4 15 7496 0 4405 0 368 0 120 0 0 0 0 0 0 0 0 0 0 0 0 0 0 0 0 0 0 0 0 0 0 0 0 0 0 0 0 0 0 0 0 0 0 0 0 0 0 0 0 0 0 0 0 0 0 0 0 0 0 0 0 0 0 0 0 0 0 0 0 0 0 0 0 0 0 0 0 0 0 0 0 0 16 175436 33 0 192693 505643 505510 0 0 0 0 0 0 0 0 0 0 0 0 0 0 0 0 0 0 0 0 0 0 0 0 0 0 0 0 0 0 0 0 0 0 0 0 0 0 0 0 0 0 0 0 0 0 0 0 0 0 0 0 0 0 0 0 0 0 0 0 0 0 0 0 0 0 0 0 0 0 0 0 0 0 0 0 0 0 0 0 0 0 0 0 0 0 0 0 0 0 0 0 0 0 0 0 0 0 0 0 0 0 0 0 0 0 0 0 0 0 0 0 0 0 0 0 0 0 0 0 0 0 0 0 0 0 0 0 0 0 0 0 0 0 0 0 0 0 0 0 0 0 0 0 0 0 0 0 0 0 0 0 0 0 0 0 0 0 0 0 0 0 0 0 0 0 0 0 0 0 0 0 0 16 173742 19 0 192405 505593 505305 0 0 0 0 0 0 0 0 0 0 0 0 0 0 0 0 0 0 0 0 0 0 0 0 0 0 0 0 0 0 0 0 0 0 0 0 0 0 0 0 0 0 0 0 0 0 0 0 0 0 0 0 0 0 0 0 0 0 0 0 0 0 0 0 0 0 0 0 0 0 0 0 0 0 0 0 0 0 0 0 0 0 0 0 0 0 0 0 0 0 0 0 0 0 0 0 0 0 0 0 0 0 0 0 0 0 0 0 0 0 0 0 0 0 0 0 0 0 0 0 0 0 0 0 0 0 0 0 0 0 0 0 0 0 0 0 0 0 0 0 0 0 0 0 0 0 0 0 0 0 0 0 0 0 0 0 0 0 0 0 0 0 0 0 0 0 0 0 0 0 0 0 0 135963 1947593 136895 117541
ctxt 26053978700
btime 1550090887
processes 11012341
procs_running 4
procs_blocked 3
softirq 566235962 2 205199855 91613 8058252 0 1043013 8370153 232377986 0 111095088
