cat /proc/stat for rzansel, node rzansel14
statistics about the system since last restart
Thu Feb 14 19:47:05 PST 2019

cpu  17425454 2216 19112896 2126984076 19565 0 3794 0 0 0
cpu0 496227 0 153006 11591393 4744 0 44 0 0 0
cpu1 853436 0 93330 11322936 110 0 2893 0 0 0
cpu2 243674 0 95037 11951340 46 0 236 0 0 0
cpu3 1069195 0 91178 11133623 27 0 2 0 0 0
cpu4 283468 0 170081 11837157 87 0 6 0 0 0
cpu5 233078 0 99077 11960347 191 0 2 0 0 0
cpu6 697731 0 92292 11504305 61 0 2 0 0 0
cpu7 1144711 0 92040 11057043 105 0 3 0 0 0
cpu8 167937 0 179014 11944285 144 0 2 0 0 0
cpu9 52334 0 98277 12143155 29 0 2 0 0 0
cpu10 45771 0 90728 12157551 15 0 1 0 0 0
cpu11 44659 0 91383 12157698 2 0 1 0 0 0
cpu12 149987 0 172201 11970570 19 0 10 0 0 0
cpu13 51653 0 95616 12146607 26 0 0 0 0 0
cpu14 47084 0 95645 12150985 1 0 8 0 0 0
cpu15 49323 0 90977 12153789 7 0 0 0 0 0
cpu16 167330 0 196696 11928326 82 0 5 0 0 0
cpu17 57608 0 94894 12141223 41 0 90 0 0 0
cpu18 48332 0 93391 12151849 323 0 1 0 0 0
cpu19 49927 0 89502 12154771 5 0 0 0 0 0
cpu20 158695 0 191810 11940304 22 0 4 0 0 0
cpu21 50036 0 97340 12146620 44 0 1 0 0 0
cpu22 48901 0 91100 12154264 10 0 0 0 0 0
cpu23 43638 0 90299 12160125 18 0 1 0 0 0
cpu24 152314 0 192704 11945733 152 0 4 0 0 0
cpu25 56620 0 98410 12138712 58 0 2 0 0 0
cpu26 49674 0 91075 12153490 15 0 0 0 0 0
cpu27 46619 0 89926 12157653 12 0 0 0 0 0
cpu28 136674 0 188950 11967579 89 0 2 0 0 0
cpu29 51390 0 96476 12146253 10 0 2 0 0 0
cpu30 47673 0 91785 12154710 62 0 2 0 0 0
cpu31 44982 0 91562 12157880 18 0 1 0 0 0
cpu32 224386 0 193912 11872327 129 0 1 0 0 0
cpu33 48824 0 93490 12151732 32 0 0 0 0 0
cpu34 45594 0 91731 12156704 2 0 1 0 0 0
cpu35 49385 0 91318 12153302 27 0 1 0 0 0
cpu36 136925 0 187942 11966358 158 0 0 0 0 0
cpu37 55150 0 95787 12140410 12 0 37 0 0 0
cpu38 45144 0 93254 12155670 5 0 0 0 0 0
cpu39 49286 0 88567 12156462 4 0 0 0 0 0
cpu40 281903 0 193795 11815042 2164 0 0 0 0 0
cpu41 55532 0 97852 12140861 19 0 0 0 0 0
cpu42 57055 0 99525 12137611 3 0 0 0 0 0
cpu43 59498 0 92806 12141831 6 0 0 0 0 0
cpu44 260876 0 165367 11865813 129 0 0 0 0 0
cpu45 48102 0 94782 12151368 14 0 0 0 0 0
cpu46 43899 0 94366 12155867 28 0 0 0 0 0
cpu47 45889 0 93895 12154022 2 0 0 0 0 0
cpu48 175273 0 176912 11938603 98 0 0 0 0 0
cpu49 51654 0 99819 12142251 19 0 0 0 0 0
cpu50 54831 0 101686 12137267 20 0 0 0 0 0
cpu51 41879 0 88254 12164089 2 0 0 0 0 0
cpu52 143296 0 172915 11974417 16 0 1 0 0 0
cpu53 47406 0 97105 12149377 9 0 1 0 0 0
cpu54 47432 0 90269 12156393 40 0 0 0 0 0
cpu55 45918 0 96118 12151802 1 0 0 0 0 0
cpu56 148026 0 189246 11953093 138 0 0 0 0 0
cpu57 54158 0 99358 12140557 53 0 1 0 0 0
cpu58 43916 0 89348 12160755 1 0 0 0 0 0
cpu59 43355 0 92062 12158744 4 0 0 0 0 0
cpu60 129722 0 182299 11978914 381 0 2 0 0 0
cpu61 48660 0 100242 12144720 9 0 21 0 0 0
cpu62 43182 0 93099 12157738 4 0 0 0 0 0
cpu63 46165 0 93701 12154241 9 0 0 0 0 0
cpu64 313101 0 234223 11743949 134 0 0 0 0 0
cpu65 51697 0 95681 12146360 28 0 0 0 0 0
cpu66 51905 0 88135 12153954 25 0 0 0 0 0
cpu67 47187 0 92957 12153392 121 0 0 0 0 0
cpu68 135342 0 186770 11968462 163 0 1 0 0 0
cpu69 52070 0 93819 12148271 26 0 1 0 0 0
cpu70 46542 0 93253 12153662 56 0 0 0 0 0
cpu71 48083 0 88622 12157395 15 0 1 0 0 0
cpu72 162716 0 186368 11941881 203 0 8 0 0 0
cpu73 51050 0 94133 12148666 155 0 30 0 0 0
cpu74 48335 0 90032 12155644 55 0 0 0 0 0
cpu75 46574 0 88916 12158619 35 0 0 0 0 0
cpu76 251380 0 183510 11858007 244 0 1 0 0 0
cpu77 61091 0 94354 12138610 67 0 0 0 0 0
cpu78 45181 0 90498 12158643 23 0 0 0 0 0
cpu79 47764 0 91579 12154509 11 0 1 0 0 0
cpu80 54878 263 125946 12109609 7 0 77 0 0 0
cpu81 49895 547 106625 12133719 39 0 69 0 0 0
cpu82 46075 164 93791 12152383 47 0 57 0 0 0
cpu83 44731 148 91480 12157071 2 0 4 0 0 0
cpu84 55190 193 133695 12103080 69 0 37 0 0 0
cpu85 49016 396 103753 12138644 95 0 34 0 0 0
cpu86 45606 331 95338 12151814 329 0 15 0 0 0
cpu87 44595 174 92817 12155718 2 0 7 0 0 0
cpu88 286292 0 140126 11863318 2589 0 1 0 0 0
cpu89 39964 0 85944 12166709 9 0 0 0 0 0
cpu90 34538 0 80082 12179472 0 0 0 0 0 0
cpu91 42434 0 84863 12166558 1 0 0 0 0 0
cpu92 421730 0 189660 11678432 102 0 0 0 0 0
cpu93 39928 0 90065 12163554 21 0 0 0 0 0
cpu94 37095 0 80539 12175606 0 0 0 0 0 0
cpu95 35073 0 81816 12177293 1 0 0 0 0 0
cpu96 163648 0 172693 11953187 179 0 1 0 0 0
cpu97 37747 0 81632 12174421 8 0 0 0 0 0
cpu98 34769 0 79985 12179326 0 0 0 0 0 0
cpu99 34244 0 78404 12181496 0 0 0 0 0 0
cpu100 139481 0 158067 11992224 4 0 0 0 0 0
cpu101 36918 0 81430 12175829 1 0 0 0 0 0
cpu102 35244 0 82647 12176045 0 0 0 0 0 0
cpu103 41044 0 77838 12175426 3 0 0 0 0 0
cpu104 150292 0 181670 11957199 46 0 0 0 0 0
cpu105 38027 0 82071 12174025 0 0 0 0 0 0
cpu106 32632 0 78814 12182824 0 0 0 0 0 0
cpu107 31879 0 78964 12183403 0 0 0 0 0 0
cpu108 122592 0 168561 11997652 0 0 1 0 0 0
cpu109 34615 0 83599 12176068 0 0 0 0 0 0
cpu110 34092 0 80651 12179264 0 0 0 0 0 0
cpu111 31935 0 79586 12182637 0 0 0 0 0 0
cpu112 152656 0 180543 11957946 86 0 1 0 0 0
cpu113 35694 0 80887 12177343 0 0 0 0 0 0
cpu114 32878 0 76558 12184555 2 0 0 0 0 0
cpu115 33852 0 78354 12181910 0 0 0 0 0 0
cpu116 121928 0 169875 11998393 0 0 0 0 0 0
cpu117 35732 0 83931 12174515 0 0 0 0 0 0
cpu118 32980 0 78538 12182610 0 0 0 0 0 0
cpu119 33810 0 81325 12178973 0 0 0 0 0 0
cpu120 143422 0 165724 11983639 208 0 0 0 0 0
cpu121 44033 0 84121 12165807 14 0 0 0 0 0
cpu122 38097 0 75988 12180035 89 0 0 0 0 0
cpu123 36106 0 77585 12180221 5 0 0 0 0 0
cpu124 126312 0 164720 12000551 30 0 0 0 0 0
cpu125 36921 0 80948 12176580 1 0 0 0 0 0
cpu126 35041 0 77159 12182251 1 0 0 0 0 0
cpu127 65821 0 73028 12155547 165 0 11 0 0 0
cpu128 238486 0 119168 11933249 2398 0 1 0 0 0
cpu129 37459 0 79574 12177042 0 0 0 0 0 0
cpu130 36763 0 78623 12178853 0 0 0 0 0 0
cpu131 38031 0 80447 12175603 1 0 0 0 0 0
cpu132 134944 0 152605 12004259 30 0 0 0 0 0
cpu133 37480 0 87696 12168540 4 0 0 0 0 0
cpu134 34762 0 83751 12175793 0 0 0 0 0 0
cpu135 36431 0 86497 12171104 2 0 0 0 0 0
cpu136 406690 0 181561 11702441 263 0 0 0 0 0
cpu137 37609 0 84808 12171491 0 0 0 0 0 0
cpu138 34813 0 80794 12178306 0 0 0 0 0 0
cpu139 32097 0 78014 12184180 0 0 0 0 0 0
cpu140 155108 0 162720 11973289 117 0 0 0 0 0
cpu141 35840 0 86317 12171730 1 0 0 0 0 0
cpu142 32057 0 78034 12184200 0 0 0 0 0 0
cpu143 33579 0 79109 12181882 0 0 0 0 0 0
cpu144 139348 0 175719 11976803 50 0 1 0 0 0
cpu145 35606 0 82741 12175934 4 0 0 0 0 0
cpu146 32893 0 80445 12180557 3 0 0 0 0 0
cpu147 33206 0 81222 12179311 1 0 0 0 0 0
cpu148 122338 0 172170 11997422 16 0 0 0 0 0
cpu149 32838 0 77546 12183539 5 0 0 0 0 0
cpu150 34845 0 84094 12174905 5 0 0 0 0 0
cpu151 33544 0 79745 12180860 2 0 0 0 0 0
cpu152 141667 0 175825 11973962 109 0 1 0 0 0
cpu153 37642 0 84194 12172114 4 0 0 0 0 0
cpu154 33878 0 77880 12181997 0 0 0 0 0 0
cpu155 31490 0 76497 12186038 0 0 0 0 0 0
cpu156 125888 0 170586 11994735 172 0 0 0 0 0
cpu157 33378 0 81665 12178858 0 0 0 0 0 0
cpu158 33637 0 79033 12181251 0 0 0 0 0 0
cpu159 32726 0 80427 12180713 0 0 0 0 0 0
cpu160 145027 0 164756 11980737 329 0 4 0 0 0
cpu161 37231 0 79155 12177580 65 0 1 0 0 0
cpu162 36471 0 76716 12180774 14 0 0 0 0 0
cpu163 35452 0 77580 12180891 10 0 4 0 0 0
cpu164 129922 0 163933 11998262 111 0 2 0 0 0
cpu165 35940 0 80405 12177736 13 0 0 0 0 0
cpu166 34862 0 79563 12179695 12 0 2 0 0 0
cpu167 48500 0 75632 12170057 28 0 14 0 0 0
cpu168 48103 0 138908 12104742 43 0 3 0 0 0
cpu169 39439 0 93055 12160613 4 0 2 0 0 0
cpu170 37196 0 84716 12171352 6 0 1 0 0 0
cpu171 36980 0 80870 12176096 4 0 1 0 0 0
cpu172 46739 0 133186 12112988 20 0 5 0 0 0
cpu173 38316 0 92020 12163443 7 0 1 0 0 0
cpu174 37464 0 85212 12171064 8 0 0 0 0 0
cpu175 36237 0 85772 12171470 8 0 0 0 0 0
intr 1010113769 0 0 0 0 0 0 0 0 0 0 0 0 0 0 0 0 0 0 450 0 2 0 0 0 0 0 0 9436 0 0 0 0 0 0 0 0 0 0 0 0 0 0 0 0 0 0 0 0 0 11842 277 429 692 4414 822 834 0 0 0 0 0 0 0 1 0 0 0 0 0 276 2922 400 0 0 0 0 6198 444 1300 704 0 0 0 0 16 1844075 483 0 0 0 0 0 0 0 680118 38548 0 0 0 0 927105 247218 4483517 31616 951297 30400 26502 47813 205676 14642 12305 41932 78212 155259 68293 49601 828235 243485 451429 0 0 0 0 0 0 0 0 0 0 0 0 0 0 0 0 0 0 0 0 0 0 0 0 0 0 0 0 0 0 0 0 0 0 0 0 0 0 0 0 0 0 0 0 0 0 0 0 0 0 0 0 0 0 0 0 0 0 0 0 0 0 0 0 0 0 0 0 0 0 0 0 0 0 0 0 0 0 0 0 0 0 0 0 0 0 0 0 0 0 0 0 0 0 0 0 0 0 0 0 0 0 0 0 0 0 0 0 0 0 0 0 0 0 0 0 0 0 0 0 0 0 0 0 0 0 0 0 0 0 0 0 0 0 0 0 0 0 0 0 0 0 0 0 0 0 0 0 0 0 0 0 0 0 0 0 0 0 0 0 0 0 0 0 0 0 0 0 0 0 0 0 0 0 958 652 1053 621 969 279 5753 1761 769 348 45028 10695 102 274 20845 371 125 68 3682 560 153 244 495 218 209 264 32549 17387 126 7529 11487 2420 936 1804 695 328 259 185 914 197 280 120 71061 11618 18327 9288 32615 25483 132855 28279 121 2 3737 16 26 4 1 0 85 0 6 0 56 0 28 0 16 12 27 0 48 39 1 0 84 1 1 0 1522 17 0 0 38 5 0 0 5 0 0 0 13 1 0 0 6 0 0 0 40 7 16 0 14 10 20 0 31725 4596 7201 3673 22396 6973 8546 4873 16 312690 239 0 289619 17550 17638 0 0 0 0 0 0 0 0 0 0 0 0 0 0 0 0 0 0 0 0 0 0 0 0 0 0 0 0 0 0 0 0 0 0 0 0 0 0 0 0 0 0 0 0 0 0 0 0 0 0 0 0 0 0 0 0 0 0 0 0 0 0 0 0 0 0 0 0 0 0 0 0 0 0 0 0 0 0 0 0 0 0 0 225 0 0 2 0 0 4 15 7612 0 3968 0 606 0 206 0 0 0 0 0 0 0 0 0 0 0 0 0 0 0 0 0 0 0 0 0 0 0 0 0 0 0 0 0 0 0 0 0 0 0 0 0 0 0 0 0 0 0 0 0 0 0 0 0 0 0 0 0 0 0 0 0 0 0 0 0 0 0 0 0 0 0 0 0 0 0 0 0 16 329120 453 0 357643 17504 17620 0 0 0 0 0 0 0 0 0 0 0 0 0 0 0 0 0 0 0 0 0 0 0 0 0 0 0 0 0 0 0 0 0 0 0 0 0 0 0 0 0 0 0 0 0 0 0 0 0 0 0 0 0 0 0 0 0 0 0 0 0 0 0 0 0 0 0 0 0 0 0 0 0 0 0 0 0 0 0 0 0 0 0 0 0 0 0 0 0 0 0 0 0 0 0 0 0 0 0 0 0 0 0 0 0 0 0 0 0 0 0 0 0 0 0 0 0 0 0 0 0 0 0 0 0 0 0 0 0 0 0 0 0 0 0 0 0 0 0 0 0 0 0 0 0 0 0 0 0 0 0 0 0 0 0 0 0 0 0 0 0 0 0 0 0 0 0 0 0 0 0 0 0 16 316918 231 0 351259 17525 17655 0 0 0 0 0 0 0 0 0 0 0 0 0 0 0 0 0 0 0 0 0 0 0 0 0 0 0 0 0 0 0 0 0 0 0 0 0 0 0 0 0 0 0 0 0 0 0 0 0 0 0 0 0 0 0 0 0 0 0 0 0 0 0 0 0 0 0 0 0 0 0 0 0 0 0 0 0 0 0 0 0 0 0 0 0 0 0 0 0 0 0 0 0 0 0 0 0 0 0 0 0 0 0 0 0 0 0 0 0 0 0 0 0 0 0 0 0 0 0 0 0 0 0 0 0 0 0 0 0 0 0 0 0 0 0 0 0 0 0 0 0 0 0 0 0 0 0 0 0 0 0 0 0 0 0 0 0 0 0 0 0 0 0 0 0 0 0 0 0 0 0 0 0 204681 191890 340246 230118
ctxt 3159480024
btime 1550079467
processes 1778553
procs_running 2
procs_blocked 0
softirq 126070384 2 41258737 158619 14955284 0 1293990 4531822 40103016 0 23768914
