cat /proc/stat for rzansel, node rzansel62
statistics about the system since last restart
Wed Nov  7 09:28:11 PST 2018

cpu  41986365 1035 9433704 6037302918 2398742 0 55736 0 0 0
cpu0 285581 2 61123 47190683 18069 0 456 0 0 0
cpu1 301924 25 58100 47202434 20088 0 105 0 0 0
cpu2 285426 9 51146 47237959 12796 0 36 0 0 0
cpu3 241579 6 33512 47307435 7287 0 12 0 0 0
cpu4 440031 6 77861 47038962 19978 0 79 0 0 0
cpu5 302599 10 56965 47202771 16938 0 952 0 0 0
cpu6 258361 10 43220 47274007 14489 0 16 0 0 0
cpu7 392454 7 87732 47095236 9155 0 549 0 0 0
cpu8 419412 50 109972 47044765 12372 0 56 0 0 0
cpu9 294559 20 66650 47217841 8718 0 32 0 0 0
cpu10 250277 102 67449 47258805 13204 0 29 0 0 0
cpu11 215476 41 40745 47320010 7362 0 5095 0 0 0
cpu12 389863 13 124404 47059056 14161 0 61 0 0 0
cpu13 280990 28 63980 47230329 13621 0 21 0 0 0
cpu14 244512 12 44564 47293143 8236 0 4 0 0 0
cpu15 227264 3 42002 47314447 7326 0 29 0 0 0
cpu16 439895 3 168216 46958156 18807 0 84 0 0 0
cpu17 290343 14 61516 47227238 10193 0 36 0 0 0
cpu18 238881 2 58509 47265879 11181 0 3997 0 0 0
cpu19 236952 9 47514 47296662 11004 0 9 0 0 0
cpu20 385885 36 92259 47088272 19995 0 29 0 0 0
cpu21 291652 56 63961 47221921 12513 0 12 0 0 0
cpu22 233303 8 59427 47281019 12966 0 6 0 0 0
cpu23 253416 17 46427 47281766 10078 0 4 0 0 0
cpu24 398408 20 85853 47079625 18566 0 21 0 0 0
cpu25 302036 45 67858 47207767 11326 0 34 0 0 0
cpu26 264675 2 63462 47248285 12811 0 47 0 0 0
cpu27 237411 13 41296 47299329 13697 0 14 0 0 0
cpu28 384408 23 67861 47113365 20358 0 82 0 0 0
cpu29 295701 9 51602 47228712 14097 0 18 0 0 0
cpu30 250948 5 42452 47289798 7510 0 31 0 0 0
cpu31 267896 9 87646 47200217 34726 0 7 0 0 0
cpu32 356666 4 86917 47128440 16090 0 36 0 0 0
cpu33 279952 10 89143 47208960 9895 0 387 0 0 0
cpu34 121958 0 43094 47418809 7552 0 42 0 0 0
cpu35 124856 10 48186 47414271 5301 0 20 0 0 0
cpu36 284500 12 72237 47206429 16915 0 1873 0 0 0
cpu37 148031 13 44992 47391071 8086 0 31 0 0 0
cpu38 179367 1 83476 47268181 6266 0 5238 0 0 0
cpu39 163500 12 40701 47380944 7180 0 9 0 0 0
cpu40 404712 5 83701 47080564 16539 0 19 0 0 0
cpu41 300646 6 58860 47215042 12678 0 45 0 0 0
cpu42 244098 2 47958 47282089 11386 0 15 0 0 0
cpu43 240498 11 50394 47291673 9045 0 12 0 0 0
cpu44 398188 6 110773 47058977 17389 0 50 0 0 0
cpu45 299765 4 85096 47191388 12915 0 22 0 0 0
cpu46 260114 5 78706 47236681 10018 0 1502 0 0 0
cpu47 243790 57 55163 47282400 10465 0 8 0 0 0
cpu48 389735 5 99440 47021600 52593 0 8116 0 0 0
cpu49 299810 2 86848 47185211 15782 0 16 0 0 0
cpu50 256266 4 47398 47270892 16051 0 3 0 0 0
cpu51 252211 0 45793 47281632 11840 0 20 0 0 0
cpu52 370141 8 71361 47122981 20197 0 59 0 0 0
cpu53 311359 56 78844 46937632 258886 0 160 0 0 0
cpu54 256252 9 42402 47271045 14909 0 1898 0 0 0
cpu55 237807 1 40591 47303191 10284 0 11 0 0 0
cpu56 244124 5 152156 47072926 26028 0 21462 0 0 0
cpu57 181671 2 64001 47304485 40767 0 16 0 0 0
cpu58 185974 3 43639 47349738 7935 0 361 0 0 0
cpu59 98303 0 30375 47459373 5794 0 12 0 0 0
cpu60 305472 112 89318 47137316 53488 0 46 0 0 0
cpu61 149294 50 47118 47314221 78318 0 140 0 0 0
cpu62 140408 5 89903 47341669 18841 0 63 0 0 0
cpu63 104258 0 30812 47442389 14192 0 3 0 0 0
cpu64 626517 0 220750 46700188 32683 0 51 0 0 0
cpu65 412744 0 106490 47054976 14678 0 34 0 0 0
cpu66 331005 0 65952 47176617 17159 0 23 0 0 0
cpu67 321067 0 72758 47185088 12128 0 12 0 0 0
cpu68 525228 0 136728 46883046 33825 0 69 0 0 0
cpu69 380402 0 74039 47118626 15720 0 28 0 0 0
cpu70 331209 0 59861 47182293 16784 0 16 0 0 0
cpu71 317718 0 52440 47208203 12943 0 17 0 0 0
cpu72 509778 0 255150 46797096 22737 0 41 0 0 0
cpu73 388531 0 92483 47091449 16668 0 26 0 0 0
cpu74 344075 0 68945 47163731 14267 0 14 0 0 0
cpu75 321340 0 60842 47197440 12136 0 16 0 0 0
cpu76 444120 0 182192 46933687 26449 0 58 0 0 0
cpu77 370368 0 86402 47118547 14383 0 48 0 0 0
cpu78 329053 0 70603 47174536 16089 0 35 0 0 0
cpu79 321145 0 53482 47204070 12556 0 20 0 0 0
cpu80 497868 0 161761 46893958 27348 0 66 0 0 0
cpu81 394373 0 77452 47100811 17314 0 27 0 0 0
cpu82 348377 0 62550 47159012 20808 0 24 0 0 0
cpu83 335719 0 54857 47189176 11875 0 15 0 0 0
cpu84 489815 0 139692 46924923 32122 0 60 0 0 0
cpu85 412160 0 91737 47063607 22002 0 40 0 0 0
cpu86 347337 0 74359 47150821 18275 0 23 0 0 0
cpu87 331365 0 45652 47198492 15938 0 40 0 0 0
cpu88 517511 0 160583 46881487 25914 0 58 0 0 0
cpu89 406976 0 107373 47062354 12886 0 28 0 0 0
cpu90 333266 0 61935 47181886 14120 0 49 0 0 0
cpu91 313120 0 47964 47218697 11955 0 28 0 0 0
cpu92 451433 0 107659 47001776 26074 0 52 0 0 0
cpu93 374960 0 75620 47121032 17957 0 23 0 0 0
cpu94 313644 0 57236 47201737 15594 0 27 0 0 0
cpu95 326206 0 50402 47204331 10654 0 17 0 0 0
cpu96 502712 0 118536 46938964 25948 0 50 0 0 0
cpu97 384355 0 63973 47122805 18721 0 35 0 0 0
cpu98 335346 0 61836 47181701 12102 0 20 0 0 0
cpu99 313344 0 47078 47222140 9457 0 21 0 0 0
cpu100 449844 0 110777 47001452 24738 0 58 0 0 0
cpu101 394778 0 55710 47125708 13496 0 39 0 0 0
cpu102 329070 0 47689 47198492 15645 0 26 0 0 0
cpu103 312798 0 39653 47224879 14416 0 11 0 0 0
cpu104 509388 0 101219 46954180 20053 0 48 0 0 0
cpu105 399413 0 58975 47114268 16974 0 24 0 0 0
cpu106 335460 0 51364 47188932 15237 0 21 0 0 0
cpu107 341996 0 51289 47185276 13018 0 19 0 0 0
cpu108 466200 0 102635 46993387 23383 0 49 0 0 0
cpu109 389640 0 61164 47124920 13141 0 36 0 0 0
cpu110 352630 0 72070 47152297 13634 0 13 0 0 0
cpu111 330254 0 51296 47198545 11783 0 21 0 0 0
cpu112 498612 0 93859 46970208 20722 0 40 0 0 0
cpu113 380250 0 56348 47135735 16475 0 20 0 0 0
cpu114 329382 0 40618 47206495 14446 0 23 0 0 0
cpu115 312770 0 36905 47230158 11763 0 17 0 0 0
cpu116 441109 0 71616 47042679 29809 0 66 0 0 0
cpu117 362484 0 45421 47162836 17633 0 39 0 0 0
cpu118 324573 0 41037 47212858 12051 0 20 0 0 0
cpu119 315675 0 40228 47224155 11494 0 27 0 0 0
cpu120 487266 0 116465 46951148 27912 0 51 0 0 0
cpu121 368213 0 62003 47144146 15230 0 41 0 0 0
cpu122 332373 0 44987 47200285 13148 0 18 0 0 0
cpu123 316089 0 38815 47227077 10032 0 11 0 0 0
cpu124 447088 0 153717 46959218 25910 0 50 0 0 0
cpu125 384811 0 80013 47108114 16420 0 29 0 0 0
cpu126 325575 0 59800 47187556 17801 0 36 0 0 0
cpu127 308593 0 45979 47220428 16791 0 14 0 0 0
intr 1397946642 0 0 0 0 0 0 0 0 0 0 0 0 0 0 0 0 0 0 55 0 5 0 0 0 0 0 0 3452 0 0 0 0 0 0 0 0 0 0 0 0 0 0 0 0 0 0 0 0 0 457626 0 12697954 27665224 1469276 16458129 6792314 0 0 0 0 0 0 0 1 0 0 0 0 0 260 7033268 35583955 0 0 0 0 84588967 457615 0 518670 0 0 0 0 0 0 0 0 0 0 0 0 0 0 0 2618949 0 0 0 0 0 140423 96767 355286 157102 154811 92069 1730871 0 0 0 0 0 0 0 0 0 0 0 0 0 0 0 0 0 0 0 0 0 0 0 0 0 0 0 0 0 0 0 0 0 0 0 0 0 0 0 0 0 5 0 0 0 0 0 0 0 0 0 0 0 0 0 0 0 0 0 0 0 0 0 0 0 0 0 0 15 0 0 1 0 0 0 0 0 0 0 0 0 0 0 0 0 0 0 0 0 3 0 0 0 0 0 0 0 0 0 0 0 0 0 0 0 0 0 0 0 0 0 0 0 0 0 0 0 0 0 0 0 0 0 0 0 0 0 0 0 0 0 0 0 0 0 0 0 0 0 0 0 0 0 0 0 0 0 0 0 0 0 0 47 7239251 53 0 256116 335848 254655 126200 140497 116294 128668 127285 180051 139358 170605 130598 233333 169706 131802 175015 0 0 0 0 0 0 0 0 0 0 0 0 0 0 0 0 0 0 0 0 0 0 0 0 0 0 0 0 0 0 0 0 0 0 0 0 0 0 0 0 0 0 0 0 0 0 0 0 0 0 0 0 0 0 0 0 0 0 0 0 0 0 0 0 0 0 0 0 0 0 0 0 0 0 0 0 0 0 0 0 0 0 0 0 0 0 0 0 0 0 0 0 0 0 0 0 0 0 0 0 0 0 0 0 0 0 0 0 0 0 0 0 32 1308925 3 0 22559 127910 128049 0 0 0 0 0 0 0 0 0 0 0 0 0 0 0 0 0 0 0 0 0 0 0 0 0 0 0 0 0 0 0 0 0 0 0 0 0 0 0 0 0 0 0 0 0 0 0 0 0 0 0 0 0 0 0 0 0 0 0 0 0 0 0 0 0 0 0 0 0 0 0 0 0 0 0 0 0 0 0 0 0 0 0 0 0 0 0 0 0 0 0 0 0 0 0 0 0 0 25 0 0 2 0 0 17 4 7743 0 4699 0 35 0 2 0 0 0 0 0 0 0 0 0 0 0 0 0 0 0 0 0 0 1177728 45 1287111 1 0 348 127828 127906 0 0 0 0 0 0 0 0 0 0 0 0 0 0 0 0 0 0 0 0 0 0 0 0 0 0 0 0 0 0 0 0 0 0 0 0 0 0 0 0 0 0 0 0 0 0 0 0 0 0 0 0 0 0 0 0 0 0 0 0 0 0 0 0 0 0 0 0 0 0 0 0 0 0 0 0 0 0 0 0 0 0 0 0 0 0 0 0 0 0 0 0 0 0 0 0 0 0 0 0 0 0 0 0 0 0 0 0 0 0 0 0 0 0 0 0 0 0 0 0 45 1287751 5 0 350 127864 127896 0 0 0 0 0 0 0 0 0 0 0 0 0 0 0 0 0 0 0 0 0 0 0 0 0 0 0 0 0 0 0 0 0 0 0 0 0 0 0 0 0 0 0 0 0 0 0 0 0 0 0 0 0 0 0 0 0 0 0 0 0 0 0 0 0 0 0 0 0 0 0 0 0 0 0 0 0 0 0 0 0 0 0 0 0 0 0 0 0 0 0 0 0 0 0 0 0 0 0 0 0 0 0 0 0 0 0 0 0 0 0 0 0 0 0 0 0 0 0 0 0 0 0 0 0 553180 574628 51325731 3788162 4623177 45582238 4109137 559961
ctxt 1496477652
btime 1541135741
processes 12213072
procs_running 5
procs_blocked 0
softirq 1092779863 2 215682727 2359022 367419385 3075078 50778 23920340 196665005 0 283607526
