cat /proc/stat for rzansel, node rzansel27
statistics about the system since last restart
Wed Feb 13 12:56:37 PST 2019

cpu  1586434 1970 1270072 246706271 4706 0 2523 0 0 0
cpu0 61974 34 31768 1322692 1107 0 9 0 0 0
cpu1 3135 31 1179 1399767 7 0 2243 0 0 0
cpu2 2687 16 568 1412638 0 0 142 0 0 0
cpu3 2126 5 415 1415730 2 0 0 0 0 0
cpu4 33169 41 28074 1355379 6 0 0 0 0 0
cpu5 2137 12 538 1415614 2 0 0 0 0 0
cpu6 2372 21 551 1415369 8 0 0 0 0 0
cpu7 2817 5 294 1415218 1 0 0 0 0 0
cpu8 34436 46 27467 1355096 56 0 0 0 0 0
cpu9 2795 13 519 1414757 225 0 0 0 0 0
cpu10 1967 33 661 1415769 1 0 0 0 0 0
cpu11 2357 2 384 1415618 0 0 0 0 0 0
cpu12 34405 40 27348 1355632 42 0 0 0 0 0
cpu13 3057 8 574 1414644 23 0 0 0 0 0
cpu14 2919 16 394 1414953 84 0 0 0 0 0
cpu15 3044 2 307 1414993 0 0 0 0 0 0
cpu16 30165 42 32957 1354268 8 0 0 0 0 0
cpu17 3395 16 786 1414118 7 0 0 0 0 0
cpu18 2934 14 412 1415000 1 0 0 0 0 0
cpu19 1899 4 352 1416098 8 0 0 0 0 0
cpu20 29504 65 35051 1351790 17 0 0 0 0 0
cpu21 2938 19 535 1414865 4 0 0 0 0 0
cpu22 2874 17 1715 1413732 5 0 0 0 0 0
cpu23 2701 7 380 1415262 0 0 0 0 0 0
cpu24 29526 42 32535 1355409 74 0 0 0 0 0
cpu25 2668 15 530 1415006 53 0 0 0 0 0
cpu26 2557 30 339 1415384 88 0 0 0 0 0
cpu27 3596 2 287 1414446 15 0 0 0 0 0
cpu28 28681 42 32352 1356002 378 0 0 0 0 0
cpu29 3282 25 403 1414610 11 0 0 0 0 0
cpu30 2287 30 372 1415681 5 0 0 0 0 0
cpu31 2573 7 427 1415358 4 0 0 0 0 0
cpu32 29673 43 33352 1354251 43 0 0 0 0 0
cpu33 3548 24 621 1414127 11 0 0 0 0 0
cpu34 2473 26 628 1415205 5 0 0 0 0 0
cpu35 1891 3 326 1415757 8 0 1 0 0 0
cpu36 29221 49 33147 1352431 21 0 29 0 0 0
cpu37 2104 8 409 1415786 22 0 0 0 0 0
cpu38 3226 25 325 1414785 3 0 0 0 0 0
cpu39 3184 3 269 1414908 0 0 2 0 0 0
cpu40 62626 96 17539 1337406 458 0 0 0 0 0
cpu41 3326 15 397 1414527 67 0 1 0 0 0
cpu42 2132 15 410 1415791 2 0 0 0 0 0
cpu43 2652 3 392 1415295 7 0 0 0 0 0
cpu44 33728 44 28384 1355556 8 0 0 0 0 0
cpu45 3334 23 537 1414429 9 0 0 0 0 0
cpu46 2697 23 421 1415210 1 0 0 0 0 0
cpu47 2794 6 401 1415129 2 0 0 0 0 0
cpu48 44083 35 34719 1338178 53 0 1 0 0 0
cpu49 2902 11 490 1414942 6 0 0 0 0 0
cpu50 2006 26 375 1415980 1 0 0 0 0 0
cpu51 1684 3 382 1416261 25 0 0 0 0 0
cpu52 34593 46 27341 1355360 36 0 0 0 0 0
cpu53 4927 14 531 1412870 2 0 0 0 0 0
cpu54 1998 22 381 1415949 1 0 0 0 0 0
cpu55 3072 4 345 1414884 7 0 0 0 0 0
cpu56 30691 35 34483 1352203 13 0 0 0 0 0
cpu57 2358 21 596 1415375 3 0 0 0 0 0
cpu58 13046 17 7632 1397665 4 0 0 0 0 0
cpu59 2826 1 265 1415245 2 0 0 0 0 0
cpu60 30291 46 35158 1352103 195 0 0 0 0 0
cpu61 4458 14 9599 1404140 8 0 0 0 0 0
cpu62 2979 36 397 1414952 18 0 0 0 0 0
cpu63 2461 9 828 1415045 1 0 0 0 0 0
cpu64 28866 35 34073 1354325 22 0 2 0 0 0
cpu65 3406 21 542 1414332 41 0 0 0 0 0
cpu66 1623 25 380 1416330 14 0 0 0 0 0
cpu67 2452 1 329 1415508 59 0 0 0 0 0
cpu68 28401 41 33527 1355494 5 0 0 0 0 0
cpu69 2593 20 425 1415288 2 0 0 0 0 0
cpu70 2699 20 297 1415352 0 0 0 0 0 0
cpu71 4998 6 316 1413035 2 0 0 0 0 0
cpu72 29179 46 33340 1354867 31 0 0 0 0 0
cpu73 3041 14 468 1414803 14 0 0 0 0 0
cpu74 2254 25 372 1415736 2 0 0 0 0 0
cpu75 2788 11 243 1415322 1 0 0 0 0 0
cpu76 31756 36 33046 1352765 4 0 0 0 0 0
cpu77 3225 17 521 1414553 1 0 0 0 0 0
cpu78 2194 20 381 1415698 0 0 0 0 0 0
cpu79 3132 8 247 1414972 0 0 0 0 0 0
cpu80 1719 56 2455 1413713 0 0 24 0 0 0
cpu81 360 18 1674 1416262 1 0 1 0 0 0
cpu82 491 14 735 1416720 1 0 29 0 0 0
cpu83 251 10 667 1417341 0 0 0 0 0 0
cpu84 2020 34 2408 1413685 1 0 5 0 0 0
cpu85 872 20 1427 1415808 0 0 31 0 0 0
cpu86 753 21 1067 1416413 3 0 1 0 0 0
cpu87 245 3 462 1417596 0 0 0 0 0 0
cpu88 70312 0 18991 1327968 683 0 1 0 0 0
cpu89 606 0 647 1416962 0 0 0 0 0 0
cpu90 86 0 206 1418063 0 0 0 0 0 0
cpu91 212 0 551 1417598 0 0 0 0 0 0
cpu92 46333 0 35122 1335279 0 0 0 0 0 0
cpu93 1822 0 357 1416139 0 0 0 0 0 0
cpu94 12 0 91 1418260 0 0 0 0 0 0
cpu95 292 0 42 1418026 0 0 0 0 0 0
cpu96 33542 0 26759 1357205 0 0 1 0 0 0
cpu97 169 0 95 1418096 0 0 0 0 0 0
cpu98 33 0 14 1418319 0 0 0 0 0 0
cpu99 67 0 90 1418191 0 0 0 0 0 0
cpu100 31924 0 25771 1359250 0 0 0 0 0 0
cpu101 180 0 44 1418140 0 0 0 0 0 0
cpu102 129 0 45 1418188 0 0 0 0 0 0
cpu103 26 0 23 1418312 0 0 0 0 0 0
cpu104 29643 0 32771 1355380 0 0 0 0 0 0
cpu105 151 0 71 1418141 0 0 0 0 0 0
cpu106 13 0 27 1418321 0 0 0 0 0 0
cpu107 26 0 15 1418312 0 0 0 0 0 0
cpu108 27856 0 31151 1357956 0 0 0 0 0 0
cpu109 152 0 95 1418109 0 0 0 0 0 0
cpu110 153 0 22 1418167 0 0 0 0 0 0
cpu111 42 0 32 1418278 0 0 0 0 0 0
cpu112 28558 0 31688 1357367 0 0 0 0 0 0
cpu113 829 0 82 1417448 0 0 0 0 0 0
cpu114 310 0 27 1418015 0 0 0 0 0 0
cpu115 345 0 12 1418002 0 0 0 0 0 0
cpu116 27185 0 31365 1359164 0 0 0 0 0 0
cpu117 38 0 33 1418279 0 0 0 0 0 0
cpu118 16 0 3 1418329 0 0 0 0 0 0
cpu119 53 0 14 1418288 0 0 0 0 0 0
cpu120 27201 0 32054 1358146 0 0 0 0 0 0
cpu121 212 0 135 1418000 0 0 0 0 0 0
cpu122 36 0 19 1418290 0 0 0 0 0 0
cpu123 9 0 15 1418317 9 0 0 0 0 0
cpu124 39283 0 37958 1340572 0 0 0 0 0 0
cpu125 135 0 51 1418157 0 0 0 0 0 0
cpu126 29 0 25 1418302 0 0 0 0 0 0
cpu127 101 0 73 1418173 0 0 0 0 0 0
cpu128 62450 0 14741 1340357 458 0 0 0 0 0
cpu129 377 0 213 1417742 0 0 0 0 0 0
cpu130 26 0 42 1418272 0 0 0 0 0 0
cpu131 11 0 20 1418290 0 0 0 0 0 0
cpu132 32329 0 26514 1358878 0 0 0 0 0 0
cpu133 95 0 94 1418156 0 0 0 0 0 0
cpu134 31 0 39 1418264 0 0 0 0 0 0
cpu135 130 0 16 1418191 0 0 0 0 0 0
cpu136 34643 0 26517 1356214 0 0 0 0 0 0
cpu137 82 0 56 1418190 0 0 0 0 0 0
cpu138 679 0 30 1417614 0 0 0 0 0 0
cpu139 16 0 21 1418298 0 0 0 0 0 0
cpu140 35161 0 26407 1356175 0 0 0 0 0 0
cpu141 98 0 88 1418138 0 0 0 0 0 0
cpu142 117 0 14 1418202 0 0 0 0 0 0
cpu143 6 0 4 1418316 0 0 0 0 0 0
cpu144 28807 0 30651 1357874 0 0 0 0 0 0
cpu145 62 0 43 1418222 0 0 0 0 0 0
cpu146 9 0 13 1418305 0 0 0 0 0 0
cpu147 12 0 6 1418304 0 0 0 0 0 0
cpu148 27454 0 30601 1359280 0 0 0 0 0 0
cpu149 24 0 453 1417729 0 0 0 0 0 0
cpu150 81 0 32 1418211 0 0 0 0 0 0
cpu151 8 0 10 1418304 0 0 0 0 0 0
cpu152 29639 0 31685 1356085 0 0 0 0 0 0
cpu153 412 0 45 1417856 0 0 0 0 0 0
cpu154 138 0 18 1418158 0 0 0 0 0 0
cpu155 9 0 9 1418304 0 0 0 0 0 0
cpu156 27479 0 30551 1359027 0 0 0 0 0 0
cpu157 41 0 25 1418247 0 0 0 0 0 0
cpu158 15 0 8 1418286 0 0 0 0 0 0
cpu159 24 0 9 1418278 0 0 0 0 0 0
cpu160 27481 0 30972 1358671 0 0 0 0 0 0
cpu161 371 0 60 1417872 0 0 0 0 0 0
cpu162 11 0 19 1418278 0 0 0 0 0 0
cpu163 26 0 7 1418272 0 0 0 0 0 0
cpu164 27994 0 30579 1358969 0 0 0 0 0 0
cpu165 43 0 29 1418233 0 0 0 0 0 0
cpu166 20 0 18 1418260 0 0 0 0 0 0
cpu167 30 0 7 1418265 0 0 0 0 0 0
cpu168 597 0 449 1417170 2 0 0 0 0 0
cpu169 320 0 351 1417625 2 0 0 0 0 0
cpu170 207 0 138 1417931 2 0 0 0 0 0
cpu171 215 0 205 1417837 3 0 0 0 0 0
cpu172 582 0 201 1417393 1 0 0 0 0 0
cpu173 297 0 183 1417771 3 0 0 0 0 0
cpu174 123 0 189 1417942 1 0 0 0 0 0
cpu175 252 0 148 1417865 5 0 0 0 0 0
intr 199283125 0 0 0 0 0 0 0 0 0 0 0 0 0 0 0 0 0 0 85 0 2 0 0 0 0 0 0 3466 0 0 0 0 0 0 0 0 0 0 0 0 0 0 0 0 0 0 0 0 0 9078 962 653 185 46693 609 22179 0 0 0 0 0 0 0 1 0 0 0 0 0 1454 2156 266 0 0 0 0 1432 370 975 319 0 0 0 0 949 227 77534 684 0 0 0 0 0 0 3610 202 0 0 0 0 1781667 3580848 3688 2642 377293 2434 442 1173 5134 562 2520 99 78 844 177 224 96 7791 399 141 192 9625 1450 280 42 4628 112 84 121 0 9720 0 234 0 614 0 108 0 1297 0 288 105 207 3795 142 0 0 0 112 0 11 0 2859 0 1476 0 14883 2178 15262 1888 16499 1364 0 25 5 8 1 12 1 27 0 10 0 2 0 37 2 35 0 23 1 24 2 24 0 1 0 10 3 0 0 22 1 0 1 29 1 0 1 28 0 0 0 10 1 0 0 2 1 0 0 6 0 0 0 28 0 0 1 693 538 301 645 434 682 192 776 16 199246 25 0 75898 3421 13662 1176 11872 3476 6588 1705 9303 49519 1630 323887 5962 21547 9199 374974 0 0 0 0 0 0 0 0 0 0 0 0 0 0 0 0 0 0 0 0 0 0 0 0 0 0 0 0 0 0 0 0 0 0 0 0 0 0 0 0 0 0 0 0 0 0 0 0 0 0 0 0 0 0 0 0 0 0 0 0 0 0 0 0 0 0 0 0 0 0 0 0 0 0 0 0 0 0 0 0 0 0 0 0 0 0 0 0 0 0 0 0 0 0 0 0 0 0 0 0 0 0 0 0 0 0 0 0 0 0 0 0 0 0 0 0 0 0 0 0 0 0 0 0 0 0 0 0 0 0 0 0 0 0 0 0 0 0 0 0 0 0 0 0 0 0 0 0 0 0 0 0 0 0 0 0 0 0 0 0 15 30854 15 0 4206 201 203 0 0 0 0 0 0 0 0 0 0 0 0 0 0 0 0 0 0 0 0 0 0 0 0 0 0 0 0 0 0 0 0 0 0 0 0 0 0 0 0 0 0 0 0 0 0 0 0 0 0 0 0 0 0 0 0 0 0 0 0 0 0 0 0 0 0 0 0 0 0 0 0 0 0 0 0 0 0 0 0 0 0 0 41 0 0 2 0 0 4 15 7455 0 3067 0 61 0 23 0 0 0 0 0 0 0 0 0 0 0 0 0 0 0 0 0 0 0 0 0 0 0 0 0 0 0 0 0 0 0 0 0 0 0 0 0 0 0 0 0 0 0 0 0 0 0 0 0 0 0 0 0 0 0 0 0 0 0 0 0 0 0 0 0 0 0 0 0 0 0 0 0 16 30424 9 0 709 201 203 0 0 0 0 0 0 0 0 0 0 0 0 0 0 0 0 0 0 0 0 0 0 0 0 0 0 0 0 0 0 0 0 0 0 0 0 0 0 0 0 0 0 0 0 0 0 0 0 0 0 0 0 0 0 0 0 0 0 0 0 0 0 0 0 0 0 0 0 0 0 0 0 0 0 0 0 0 0 0 0 0 0 0 0 0 0 0 0 0 0 0 0 0 0 0 0 0 0 0 0 0 0 0 0 0 0 0 0 0 0 0 0 0 0 0 0 0 0 0 0 0 0 0 0 0 0 0 0 0 0 0 0 0 0 0 0 0 0 0 0 0 0 0 0 0 0 0 0 0 0 0 0 0 0 0 0 0 0 0 0 0 0 0 0 0 0 0 0 0 0 0 0 0 16 30250 7 0 695 196 198 0 0 0 0 0 0 0 0 0 0 0 0 0 0 0 0 0 0 0 0 0 0 0 0 0 0 0 0 0 0 0 0 0 0 0 0 0 0 0 0 0 0 0 0 0 0 0 0 0 0 0 0 0 0 0 0 0 0 0 0 0 0 0 0 0 0 0 0 0 0 0 0 0 0 0 0 0 0 0 0 0 0 0 0 0 0 0 0 0 0 0 0 0 0 0 0 0 0 0 0 0 0 0 0 0 0 0 0 0 0 0 0 0 0 0 0 0 0 0 0 0 0 0 0 0 0 0 0 0 0 0 0 0 0 0 0 0 0 0 0 0 0 0 0 0 0 0 0 0 0 0 0 0 0 0 0 0 0 0 0 0 0 0 0 0 0 0 0 0 0 0 0 0 31720 29868 32153 30697
ctxt 379248026
btime 1550077213
processes 249927
procs_running 4
procs_blocked 0
softirq 21238054 2 4765336 17411 7048792 0 10038 994657 4365552 0 4036266
