cat /proc/stat for rzansel, node rzmanta23
statistics about the system since last restart
Thu Oct 25 14:16:18 PDT 2018

cpu  2460230560 74467 496564348 211608572147 415038378 0 2600216 0 0 0
cpu0 19691190 115 2092637 1317559673 3320969 0 71916 0 0 0
cpu1 35233033 766 14231782 1286807414 6903295 0 1706 0 0 0
cpu2 17399918 115 2629501 1320565303 2963677 0 1495 0 0 0
cpu3 13813669 76 1739411 1325353049 2528063 0 1371 0 0 0
cpu4 10257113 34 1383755 1329839864 2179440 0 1365 0 0 0
cpu5 9303157 14 1258007 1331134338 2033054 0 1472 0 0 0
cpu6 8580804 10 1173803 1332061545 1920758 0 1475 0 0 0
cpu7 7942933 25 1108567 1332911925 1803038 0 1463 0 0 0
cpu8 13273329 1 1401106 1326515067 2430215 0 1558 0 0 0
cpu9 34921269 3286 9240372 1295629722 3585843 0 1707 0 0 0
cpu10 18138310 67 2628244 1320106348 2726964 0 1507 0 0 0
cpu11 13206179 51 1653645 1326420863 2211614 0 1411 0 0 0
cpu12 10878763 20 1366333 1329279143 2138789 0 1471 0 0 0
cpu13 10316442 2 1280687 1330082419 2042625 0 1509 0 0 0
cpu14 9619039 4 1193519 1330967093 1946079 0 1598 0 0 0
cpu15 8888576 5 1137597 1331844702 1887530 0 1541 0 0 0
cpu16 12100235 8 1308178 1328057110 2275260 0 1773 0 0 0
cpu17 38053931 4761 10020298 1291425684 3602495 0 106580 0 0 0
cpu18 18180782 98 2608216 1320035755 2816652 0 1597 0 0 0
cpu19 13903414 53 1697503 1325702519 2348139 0 1668 0 0 0
cpu20 11199078 10 1390250 1329078913 2106008 0 1632 0 0 0
cpu21 10114624 28 1270197 1330357959 2086813 0 1555 0 0 0
cpu22 9359664 2 1186803 1331305943 1973396 0 1908 0 0 0
cpu23 8610533 18 1111216 1332360118 1778600 0 1743 0 0 0
cpu24 10831470 5 1818979 1328838095 2188641 0 1278 0 0 0
cpu25 35084822 291 9167572 1295538582 3607728 0 1659 0 0 0
cpu26 18392211 55 3038109 1319447248 2727762 0 1293 0 0 0
cpu27 14054043 68 1999264 1325340371 2195564 0 1427 0 0 0
cpu28 11351146 36 1577787 1328723407 2067408 0 1437 0 0 0
cpu29 10221598 14 1381158 1330147964 2029411 0 1458 0 0 0
cpu30 9573770 2 2299357 1330070858 1956082 0 1265 0 0 0
cpu31 9302609 4 1248778 1331317459 1952833 0 1566 0 0 0
cpu32 10695952 12 1241401 1329564948 2303856 0 1359 0 0 0
cpu33 36167836 1505 9591457 1294164639 3554990 0 1680 0 0 0
cpu34 18807866 81 2596816 1319546869 2765860 0 1379 0 0 0
cpu35 14050856 63 1673011 1325732702 2252824 0 1340 0 0 0
cpu36 11378157 27 1375651 1328928380 2154305 0 1363 0 0 0
cpu37 10171491 1 1253052 1330448463 2030611 0 1439 0 0 0
cpu38 9343878 4 1177136 1331370154 2010017 0 1512 0 0 0
cpu39 8643420 5 1105812 1332218240 1955415 0 1505 0 0 0
cpu40 10132993 15 1204695 1330102710 2215050 0 1608 0 0 0
cpu41 35492790 172 8666028 1295552252 3550188 0 1929 0 0 0
cpu42 18544044 66 2594053 1318106144 4182452 0 1471 0 0 0
cpu43 14083702 81 1695093 1323907116 3740780 0 1726 0 0 0
cpu44 11261383 22 1388042 1328899755 2142891 0 1888 0 0 0
cpu45 10090611 14 1234711 1328720276 3566424 0 1788 0 0 0
cpu46 10810668 14 1209751 1329286745 2294409 0 1618 0 0 0
cpu47 8458578 23 1089750 1332333912 1928935 0 2180 0 0 0
cpu48 10703783 8 1218695 1329357496 2276548 0 1745 0 0 0
cpu49 34765254 356 8590753 1296181600 3641252 0 1987 0 0 0
cpu50 18082149 41 2577558 1320231678 2676676 0 2840 0 0 0
cpu51 13824057 74 1684727 1325802299 2209640 0 2529 0 0 0
cpu52 10996384 20 1351750 1329199545 2087465 0 2149 0 0 0
cpu53 11965846 15 1322459 1328048488 2306924 0 1758 0 0 0
cpu54 9472174 15 1183102 1331038937 2000966 0 2166 0 0 0
cpu55 8837065 13 1115012 1331801192 1972573 0 1522 0 0 0
cpu56 10317428 3 1987904 1325513486 3249468 0 1764 0 0 0
cpu57 37974052 141 9851530 1287653001 3801891 0 2125 0 0 0
cpu58 18067608 27 2693561 1315959583 4367990 0 1680 0 0 0
cpu59 14307779 37 1790593 1322519791 2477644 0 1724 0 0 0
cpu60 11421380 18 1480156 1326096984 2219365 0 1948 0 0 0
cpu61 10372832 16 1358154 1327466390 2112953 0 2014 0 0 0
cpu62 9523202 6 1274949 1328487754 2010135 0 2086 0 0 0
cpu63 8846020 2 1200549 1329370854 1932562 0 2108 0 0 0
cpu64 11640212 5 1358295 1328628188 2428723 0 2110 0 0 0
cpu65 35028201 2006 7427366 1297849904 3746058 0 2484 0 0 0
cpu66 15982193 137 2180408 1322916092 2816617 0 2099 0 0 0
cpu67 14144892 86 1643934 1325924729 2320800 0 1965 0 0 0
cpu68 11489065 8 1394150 1329045295 2148337 0 2962 0 0 0
cpu69 10624073 10 1299386 1330147045 2051282 0 2770 0 0 0
cpu70 9658354 17 1222922 1331191917 2023974 0 2517 0 0 0
cpu71 9015615 2 1156153 1331912049 2021179 0 2517 0 0 0
cpu72 9581474 7 2930337 1322947995 2147600 0 1234045 0 0 0
cpu73 36507803 246 7695363 1294597039 4832162 0 1835 0 0 0
cpu74 16948023 62 2484748 1320277061 3779472 0 1683 0 0 0
cpu75 14839559 26 1903480 1323848817 3030139 0 1708 0 0 0
cpu76 12150586 20 1581803 1326987144 2919675 0 1532 0 0 0
cpu77 10575814 40 1481293 1329033425 2607826 0 1581 0 0 0
cpu78 10289040 76 1393038 1329259294 2728664 0 1635 0 0 0
cpu79 9068670 12 1306405 1330898543 2460502 0 1516 0 0 0
cpu80 20775421 1780 1795478 1318154667 3169732 0 19475 0 0 0
cpu81 38441166 7709 18374603 1283078880 4175741 0 1824 0 0 0
cpu82 17060826 612 2312717 1321322657 3143926 0 1648 0 0 0
cpu83 14892940 570 1676177 1324965444 2497611 0 1244 0 0 0
cpu84 12027904 302 1401855 1328367133 2292542 0 1331 0 0 0
cpu85 10939712 1057 1252097 1329698477 2211616 0 1175 0 0 0
cpu86 10004071 1 1163658 1330804138 2149627 0 1179 0 0 0
cpu87 9598371 5 1147492 1331207709 2104315 0 8963 0 0 0
cpu88 14275043 2826 1572196 1325498274 2491200 0 20030 0 0 0
cpu89 38350974 2457 18538039 1283269588 3893044 0 1876 0 0 0
cpu90 16831983 940 2305350 1321547583 3112699 0 1551 0 0 0
cpu91 14600501 3251 1656935 1325267272 2443974 0 1265 0 0 0
cpu92 11747262 282 1369372 1328677415 2251104 0 1258 0 0 0
cpu93 10884111 143 1253802 1329775778 2153586 0 1216 0 0 0
cpu94 9916672 11 1154344 1330895663 2107003 0 1161 0 0 0
cpu95 9426265 14 1136299 1331325311 2127424 0 11353 0 0 0
cpu96 14612566 2722 1642855 1325137005 2434017 0 21653 0 0 0
cpu97 38670121 1181 18516807 1283144708 3743317 0 1875 0 0 0
cpu98 17145350 353 2336796 1321339506 3009839 0 1624 0 0 0
cpu99 14525714 50 1690603 1325389722 2404199 0 1321 0 0 0
cpu100 11848465 5 1406101 1328604945 2222653 0 1305 0 0 0
cpu101 10650967 34 1235537 1330159826 2055993 0 1285 0 0 0
cpu102 9617166 14 1165658 1331267779 2050774 0 1164 0 0 0
cpu103 9211709 63 1151954 1330892726 2052326 0 271750 0 0 0
cpu104 13135242 0 1448521 1326408288 2332096 0 1129 0 0 0
cpu105 38678291 2911 18619548 1282564809 3926658 0 1529 0 0 0
cpu106 16799823 365 2289954 1321402439 3116578 0 1270 0 0 0
cpu107 14546886 5154 1651406 1325090851 2526571 0 1118 0 0 0
cpu108 11729626 1549 1368245 1328566795 2237022 0 1114 0 0 0
cpu109 10950856 16 1231530 1329518301 2245273 0 1168 0 0 0
cpu110 9960639 15 1142861 1330752763 2106558 0 1115 0 0 0
cpu111 9248202 23 1069837 1331413948 2120135 0 1072 0 0 0
cpu112 14309977 4 1574237 1325884805 2328578 0 351 0 0 0
cpu113 38871902 2877 17738145 1283633780 3892381 0 455 0 0 0
cpu114 17051680 2374 2300518 1321885065 2653240 0 325 0 0 0
cpu115 14570389 50 1637306 1325869243 1984829 0 289 0 0 0
cpu116 11690462 684 1413604 1327101576 3745004 0 8908 0 0 0
cpu117 10711867 136 1245985 1329034472 3155324 0 367 0 0 0
cpu118 9831105 18 1120559 1330910399 2297190 0 435 0 0 0
cpu119 9352061 2 1105599 1331702564 2019816 0 398 0 0 0
cpu120 14654113 6 1625402 1325170154 2413504 0 22794 0 0 0
cpu121 37940207 1698 17877221 1284410544 3823874 0 1958 0 0 0
cpu122 17099086 84 2327283 1321356294 3025136 0 1690 0 0 0
cpu123 14530607 117 1667081 1325386232 2399774 0 1365 0 0 0
cpu124 11627997 82 1355131 1328754962 2306215 0 1374 0 0 0
cpu125 10494015 19 1226803 1330191910 2160466 0 1360 0 0 0
cpu126 9488503 68 1146736 1331412811 2027447 0 1242 0 0 0
cpu127 7418665 4 1919940 1330699852 1854728 0 454293 0 0 0
cpu128 13292400 57 1581296 1326426558 2554692 0 21194 0 0 0
cpu129 38568128 4186 18344478 1283342093 3822914 0 1856 0 0 0
cpu130 17082514 306 2294239 1321404129 3054061 0 1692 0 0 0
cpu131 14641585 180 1647387 1325247928 2468375 0 1405 0 0 0
cpu132 11880942 10 1364248 1328576018 2257540 0 1291 0 0 0
cpu133 10605014 28 1232173 1330088777 2178442 0 1260 0 0 0
cpu134 9645004 2 1136820 1331191845 2127909 0 1225 0 0 0
cpu135 9532261 9 1391585 1330904803 2111098 0 13430 0 0 0
cpu136 13174426 106 1484920 1326814534 2346679 0 21341 0 0 0
cpu137 38901563 1286 18559285 1282726021 3900613 0 2063 0 0 0
cpu138 17242686 181 2300396 1321259193 3007775 0 1823 0 0 0
cpu139 14596355 202 1646054 1325313882 2441345 0 1503 0 0 0
cpu140 11702255 115 1360527 1328728073 2261278 0 1667 0 0 0
cpu141 10578301 41 1225075 1330042391 2236406 0 1709 0 0 0
cpu142 9724849 16 1132048 1331121336 2087716 0 1493 0 0 0
cpu143 9374247 5 1235726 1331293713 2085873 0 12579 0 0 0
cpu144 13107148 32 1543683 1326819675 2406893 0 20028 0 0 0
cpu145 38543991 3318 18598731 1283137169 3789225 0 1807 0 0 0
cpu146 16911483 333 2321587 1321556835 3035952 0 1584 0 0 0
cpu147 14628091 144 1669848 1325236769 2471949 0 1357 0 0 0
cpu148 11847099 28 1367185 1328568708 2288377 0 1566 0 0 0
cpu149 10679392 7 1256529 1329922594 2246576 0 1484 0 0 0
cpu150 9974990 9 1158707 1330853534 2106428 0 1446 0 0 0
cpu151 9671659 11 1347564 1330833646 2122547 0 11449 0 0 0
cpu152 14297051 100 1591062 1325381301 2394682 0 20709 0 0 0
cpu153 38494029 2227 18622883 1282871603 3861109 0 1845 0 0 0
cpu154 17052263 662 2296463 1321247501 3019586 0 1690 0 0 0
cpu155 14789741 253 1680540 1324910544 2406712 0 1308 0 0 0
cpu156 11932091 33 1372840 1328268810 2278869 0 1438 0 0 0
cpu157 10846503 134 1265274 1329591829 2171705 0 1239 0 0 0
cpu158 9835254 83 1150611 1330866821 2030992 0 1328 0 0 0
cpu159 9377298 24 1144784 1331205001 2076504 0 9469 0 0 0
intr 84702197382 0 0 0 0 0 0 0 0 0 0 0 0 0 0 0 0 134919805 0 160 0 0 10 71657 0 0 0 0 8 0 0 0 0 0 0 0 0 0 0 0 0 0 0 0 0 0 0 0 0 0 0 0 0 0 0 0 0 0 0 0 0 0 0 0 0 0 0 0 0 0 0 0 0 0 0 0 0 0 0 0 0 0 0 0 0 0 0 0 0 0 0 0 0 0 0 0 0 0 0 0 0 0 0 0 0 0 0 0 0 0 0 0 0 0 0 0 0 0 0 0 0 0 0 0 0 0 0 0 0 0 0 0 0 0 0 0 0 0 0 0 0 0 0 0 0 0 0 0 0 0 0 0 0 0 0 0 0 0 0 0 0 0 0 0 0 0 0 0 0 0 0 0 0 0 0 0 0 0 0 0 0 0 0 0 0 0 0 0 0 0 0 0 0 0 0 0 0 0 0 0 0 0 0 0 0 0 0 0 0 0 0 0 0 0 0 0 0 0 0 0 0 0 0 0 0 0 0 0 0 0 0 0 0 0 0 0 0 0 0 0 0 0 0 0 0 0 0 0 0 0 0 0 0 0 0 0 0 0 0 0 0 0 0 0 0 0 0 0 0 0 0 0 0 0 0 0 0 0 0 0 0 0 0 0 0 0 0 0 0 0 0 0 0 0 0 0 0 0 0 0 0 0 0 0 0 0 0 0 0 0 0 0 0 0 0 0 0 0 0 0 0 0 0 0 0 0 0 0 0 0 0 0 0 0 0 0 0 0 0 0 0 0 0 0 0 0 0 0 0 0 0 0 0 0 0 0 0 0 0 0 0 0 0 0 0 0 0 0 0 0 0 0 0 0 0 0 0 0 0 0 0 0 0 0 0 410696552 0 0 0 0 0 0 0 201428371 6 0 3 3 3 3 3 3 3 3 6 0 3 3 3 3 3 3 3 3 13462410 0 1632518402 173797199 91108555 118482834 156766579 55268981 72175655 1743201483 13462393 0 138345057 135698108 122666194 136313741 136103895 133042426 133022841 142494692 0 0 0 0 0 0 0 0 0 0 0 0 0 0 0 0 0 0 7788066 1 0 0 0 0 0 0 0 0 0 0 0 0 0 0 0 0 0 0 0 0 0 0 0 0 0 0 0 0 0 0 0 0 0 0 0 0 0 0 0 0 0 0 0 0 0 0 14224230 0 5 1010194543 737720710 0 0 0 0 0 0 0 0 0 36 712154833 0 0 0 0 0 0 0 0 0 0 0 0 0 0 12 0 0 0 0 0 0 0 0 0 0 0 0 0 0 0 0 0 0 0 0 0 0 0
ctxt 116331542835
btime 1527039598
processes 796952495
procs_running 4
procs_blocked 2
softirq 40310608814 1 3181373309 50041672 2173984637 291609368 0 2550875085 2943455245 0 3349465721
