cat /proc/stat for rzansel, node rzslic8
statistics about the system since last restart
Wed Dec  5 08:51:44 PST 2018

cpu  75873 57295 213046 635261811 15971 0 1551 0 0 0
cpu0 1474 5 3180 8817958 2493 0 155 0 0 0
cpu1 913 749 1687 8822665 452 0 16 0 0 0
cpu2 1316 8477 15436 8801619 327 0 5 0 0 0
cpu3 2314 4306 8647 8812162 236 0 17 0 0 0
cpu4 1539 1483 4039 8820642 255 0 4 0 0 0
cpu5 944 354 1005 8825709 128 0 8 0 0 0
cpu6 1468 242 2907 8822163 959 0 200 0 0 0
cpu7 2471 2509 6485 8816297 111 0 3 0 0 0
cpu8 886 430 1576 8824961 56 0 2 0 0 0
cpu9 905 7845 13613 8805595 68 0 1 0 0 0
cpu10 780 2775 4999 8819370 53 0 1 0 0 0
cpu11 930 228 1004 8825272 55 0 0 0 0 0
cpu12 1030 149 939 8825027 76 0 0 0 0 0
cpu13 687 84 536 8826931 64 0 1 0 0 0
cpu14 954 192 765 8825537 52 0 0 0 0 0
cpu15 971 245 819 8825444 73 0 1 0 0 0
cpu16 1258 113 784 8825018 113 0 2 0 0 0
cpu17 824 270 992 8824909 41 0 0 0 0 0
cpu18 1646 1 1360 8824781 135 0 31 0 0 0
cpu19 1546 594 1739 8823882 108 0 28 0 0 0
cpu20 2839 10270 21961 8791764 793 0 35 0 0 0
cpu21 3111 3533 8250 8811836 390 0 28 0 0 0
cpu22 2276 3776 8425 8812902 436 0 34 0 0 0
cpu23 1399 624 2180 8823129 507 0 49 0 0 0
cpu24 818 188 1130 8825372 146 0 27 0 0 0
cpu25 1850 347 5589 8819678 280 0 24 0 0 0
cpu26 1237 12 880 8824957 578 0 39 0 0 0
cpu27 1161 759 2111 8823522 190 0 35 0 0 0
cpu28 1174 1069 2620 8822613 500 0 41 0 0 0
cpu29 1901 331 2627 8818905 227 0 48 0 0 0
cpu30 1524 13 857 8825099 79 0 32 0 0 0
cpu31 2028 1048 2748 8820709 183 0 55 0 0 0
cpu32 787 339 1389 8825102 97 0 15 0 0 0
cpu33 902 891 2239 8823718 192 0 26 0 0 0
cpu34 1133 1 772 8825981 75 0 22 0 0 0
cpu35 1584 838 2335 8822525 329 0 40 0 0 0
cpu36 1249 175 5169 8821902 28 0 0 0 0 0
cpu37 5136 594 21135 8798999 668 0 0 0 0 0
cpu38 741 15 1708 8826763 111 0 0 0 0 0
cpu39 342 12 2615 8826276 67 0 7 0 0 0
cpu40 322 7 1600 8827431 60 0 7 0 0 0
cpu41 392 0 180 8828800 84 0 0 0 0 0
cpu42 286 0 447 8828617 57 0 12 0 0 0
cpu43 184 1 117 8829151 42 0 0 0 0 0
cpu44 426 5 179 8828730 70 0 3 0 0 0
cpu45 216 3 148 8829076 52 0 0 0 0 0
cpu46 216 0 132 8829034 43 0 3 0 0 0
cpu47 302 0 109 8828916 62 0 3 0 0 0
cpu48 305 0 64 8829048 37 0 0 0 0 0
cpu49 178 0 59 8829173 56 0 1 0 0 0
cpu50 119 0 46 8829292 54 0 0 0 0 0
cpu51 265 0 89 8829106 45 0 0 0 0 0
cpu52 69 0 61 8829266 38 0 3 0 0 0
cpu53 109 0 63 8829243 50 0 0 0 0 0
cpu54 327 0 570 8827072 91 0 19 0 0 0
cpu55 7038 192 22571 8796300 1486 0 55 0 0 0
cpu56 728 12 1816 8825428 401 0 36 0 0 0
cpu57 648 606 3188 8823349 249 0 16 0 0 0
cpu58 557 320 1928 8825157 249 0 40 0 0 0
cpu59 569 13 2696 8825033 94 0 12 0 0 0
cpu60 501 4 614 8827124 76 0 34 0 0 0
cpu61 378 0 1579 8826262 85 0 12 0 0 0
cpu62 321 0 546 8827473 71 0 31 0 0 0
cpu63 421 0 430 8827325 151 0 5 0 0 0
cpu64 309 0 545 8827531 68 0 25 0 0 0
cpu65 313 222 887 8826931 70 0 26 0 0 0
cpu66 278 0 413 8827671 76 0 26 0 0 0
cpu67 398 0 501 8827400 37 0 11 0 0 0
cpu68 276 0 469 8827585 73 0 7 0 0 0
cpu69 426 0 599 8827217 73 0 46 0 0 0
cpu70 648 0 571 8826895 51 0 27 0 0 0
cpu71 267 0 545 8827444 52 0 26 0 0 0
intr 63304849 268 0 0 0 3549 0 0 0 1 173936 0 0 0 0 0 0 0 0 64 0 0 0 0 0 0 0 0 0 0 0 0 0 0 0 0 0 43 0 1 405919 46050 57093 57824 133777 165903 409329 73001 0 0 0 0 0 0 0 0 0 0 0 0 0 0 81478 49402 77973 81819 84060 72508 64095 50261 46388 46108 45906 44721 45758 45225 45731 44486 49232 44907 59317 59463 461363 144604 100541 61207 64942 91918 65577 59504 59013 62366 60733 75929 53735 61755 64820 59591 61824 294475 57301 46863 48397 50304 46520 44271 45050 44515 45055 47210 44301 44176 44077 44108 44056 44029 56947 626796 54120 57113 49629 50873 48567 51086 49484 1 0 0 9719 3890 13157 19725 20087 23083 16990 7921 11940 10798 18478 15125 3238 12017 3467 13806 289 3196 39567 29526 23264 18609 22250 26377 19356 26686 27935 21325 34948 29026 11098 27659 7840 28950 15821 23687 3 33 949 13811 18934 1 29191 0 1 8 6 27 0 0 0 2 2 3 5788 11788 25561 593 17680 6718 14872 9412 22579 3349 9841 25249 26067 4176 2991 14823 11240 32278 0 0 0 0 0 0 0 0 0 69068 46170 45573 57201 48638 45438 47570 48062 45245 49610 67995 45957 46106 44816 44580 44853 47695 44536 47540 71450 48809 84358 47296 49080 56254 48254 47266 142607 57433 49041 81704 59792 52347 47336 64991 51314 44564 47410 45929 44465 44314 117048 44828 44571 44376 45291 44216 45855 44275 45492 45634 44323 44182 44785 103972 50488 69612 133794 142091 49395 92062 95979 84399 2 0 2 0 2 2 2 2 2 2 2 0 2 0 2 2 2 2 2 2 2 0 79 20000 3 0 7477 7133 0 0 0 25549 0 20637 6445 0 6981 0 0 6653 0 6832 6658 0 0 0 0 0 0 0 6569 0 0 6947 0 7018 6890 0 6686 0 0 7098 6747 0 0 7468 0 6889 0 0 6923 0 0 0 0 0 0 0 0 0 0 6159 7159 0 6919 0 0 76 5761 1 0 0 0 0 0 0 0 0 0 0 0 0 0 0 0 0 0 0 0 0 0 0 0 0 0 0 0 0 0 0 0 0 0 0 0 0 0 0 0 0 0 0 0 0 0 0 0 0 0 0 0 0 0 0 0 0 0 0 0 0 0 0 72 5292 1 0 0 0 0 0 0 0 0 0 0 0 0 0 0 0 0 0 0 0 0 0 0 0 0 0 0 0 0 0 0 0 0 0 0 0 0 0 0 0 0 0 0 0 0 0 0 0 0 0 0 0 0 0 0 0 0 0 0 0 0 0 0 0 0 0 0 0 0 0 0 0 0 0 0 0 0 0 0 0 0 0 0 0 0 0 0 0 0 0 0 0 0 0 0 0 0 0 0 0 0 0 0 0 0 0 0 0 0 0 0 0 0 0 0 0 0 0 0 0 0 0 0 0 0 0 0 0 0 0 0 0 0 0 0 0 0 0 0 0 0 0 0 0 0 0 0 0 0 0 0 0 0 0 0 0 0 0 0 0 0 0 0 0 0 0 0 0 0 0 0 0 0 0 0 0 0 0 0 0 0 0 0 0 0 0 0 0 0 0 0 0 0 0 0 0 0 0 0 0 0 0 0 0 0 0 0 0 0 0 0 0 0 0 0 0 0 0 0 0 0 0 0 0 0 0 0 0 0 0 0 0 0 0 0 0 0 0 0 0 0 0 0 0 0 0 0 0 0 0 0 0 0 0 0 0 0 0 0 0 0 0 0 0 0 0 0 0 0 0 0 0 0 0 0 0 0 0 0 0 0 0 0 0 0 0 0 0 0 0 0 0 0 0 0 0 0 0 0 0 0 0 0 0 0 0 0 0 0 0 0 0 0 0 0 0 0 0 0 0 0 0 0 0 0 0 0 0 0 0 0 0 0 0 0 0 0 0 0 0 0 0 0 0 0 0 0 0 0 0 0 0 0 0 0 0 0 0 0 0 0 0 0 0 0 0 0 0 0 0 0 0 0 0 0 0 0 0 0 0 0 0 0 0 0 0 0 0 0 0 0 0 0 0 0 0 0 0 0 0 0 0 0 0 0 0 0 0 0 0 0 0 0 0 0 0 0 0 0 0 0 0 0 0 0 0 0 0 0 0 0 0 0 0 0 0 0 0 0 0 0 0 0 0 0 0 0 0 0 0 0 0 0 0 0 0 0 0 0 0 0 0 0 0 0 0 0 0 0 0 0 0 0 0 0 0 0 0 0 0 0 0 0 0 0 0 0 0 0 0 0 0 0 0 0 0 0 0 0 0 0 0 0 0 0 0 0 0 0 0 0 0 0 0 0 0 0 0 0 0 0 0 0 0 0 0 0 0 0 0 0 0 0 0 0 0 0 0 0 0 0 0 0 0 0 0 0 0 0 0 0 0 0 0 0 0 0 0 0 0 0 0 0 0 0 0 0 0 0 0 0 0 0 0 0 0 0 0 0 0 0 0 0 0 0 0 0 0 0 0 0 0 0 0 0 0 0 0 0 0 0 0 0 0 0 0 0 0 0 0 0 0 0 0 0 0 0 0 0 0 0 0 0 0 0 0 0 0 0 0 0 0 0 0 0 0 0 0 0 0 0 0 0 0 0 0 0 0 0 0 0 0 0 0 0 0 0 0 0 0 0 0 0 0 0 0 0 0 0 0 0 0 0 0 0 0 0 0 0 0 0 0 0 0 0 0 0 0 0 0 0 0 0 0 0 0 0 0 0 0 0 0 0 0 0 0 0 0 0 0 0 0 0 0 0 0 0 0 0 0 0 0 0 0 0 0 0 0 0 0 0 0 0 0 0 0 0 0 0 0 0 0 0 0 0 0 0 0 0 0 0 0 0 0 0 0 0 0 0 0 0 0 0 0 0 0 0 0 0 0 0 0 0 0 0 0 0 0 0 0 0 0 0 0 0 0 0 0 0 0 0 0 0 0 0 0 0 0 0 0 0 0 0 0 0 0 0 0 0 0 0 0 0 0 0 0 0 0 0 0 0 0 0 0 0 0 0 0 0 0 0 0 0 0 0 0 0 0 0 0 0 0 0 0 0 0 0 0 0 0 0 0 0 0 0 0 0 0 0 0 0 0 0 0 0 0 0 0 0 0 0 0 0 0 0 0 0 0 0 0 0 0 0 0 0 0 0 0 0 0 0 0 0 0 0 0 0 0 0 0 0 0 0 0 0 0 0 0 0 0 0 0 0 0 0 0 0 0 0 0 0 0 0 0 0 0 0 0 0 0 0 0 0 0 0 0 0 0 0 0 0 0 0 0 0 0 0 0 0 0 0 0 0 0 0 0 0 0 0 0 0 0 0 0 0 0 0 0 0 0 0 0 0 0 0 0 0 0 0 0 0 0 0 0 0 0 0 0 0 0 0 0 0 0 0 0 0 0 0 0 0 0 0 0 0 0 0 0 0 0 0 0 0 0 0 0 0 0 0 0 0 0 0 0 0 0 0 0 0 0 0 0 0 0 0 0 0 0 0 0 0 0 0 0 0 0 0 0 0 0 0 0 0 0 0 0 0 0 0 0 0 0 0 0 0 0 0 0 0 0 0 0 0 0 0 0 0 0 0 0 0 0 0 0 0 0 0 0 0 0 0 0 0 0 0 0 0 0 0 0 0 0 0 0 0 0 0 0 0 0 0 0 0 0 0 0 0 0 0 0 0 0 0 0 0 0 0 0 0 0 0 0 0 0 0 0 0 0 0 0 0 0 0 0 0 0 0 0 0 0 0 0 0 0 0 0 0 0 0 0 0 0 0 0 0 0 0 0 0 0 0 0 0 0 0 0 0 0 0 0 0 0 0 0 0 0 0 0 0 0 0 0 0 0 0 0 0 0 0 0 0 0 0 0 0 0 0 0 0 0 0 0 0 0 0 0 0 0 0 0 0 0 0 0 0 0 0 0 0 0 0 0 0 0 0 0 0 0 0 0 0 0 0 0 0 0 0 0 0 0 0 0 0 0 0 0 0 0 0 0 0 0 0 0 0 0 0 0 0 0 0 0 0 0 0 0 0 0 0 0 0 0 0 0 0 0 0 0 0 0 0 0 0 0 0 0 0 0 0 0 0 0 0 0 0 0 0 0 0 0 0 0 0 0 0 0 0 0 0 0 0 0 0 0 0 0 0 0 0 0 0 0 0 0 0 0 0 0 0 0 0 0 0 0 0 0 0 0 0 0 0 0 0 0 0 0 0 0 0 0 0 0 0 0 0 0 0 0 0 0 0 0 0 0 0 0 0 0 0 0 0 0 0 0 0 0 0 0 0 0 0 0 0 0 0 0 0 0 0 0 0 0 0 0 0 0 0 0 0 0 0 0 0 0 0 0 0 0 0 0 0 0 0 0 0 0 0 0 0 0 0 0 0 0 0 0 0 0 0 0 0 0 0 0 0 0 0 0 0 0 0 0 0 0 0 0 0 0 0 0 0 0 0 0 0 0 0 0 0 0 0 0 0 0 0 0 0 0 0 0 0 0 0 0 0 0 0 0 0 0 0 0 0 0 0 0 0 0 0 0 0 0 0 0 0 0 0 0 0 0 0 0 0 0 0 0 0 0 0 0 0 0 0 0 0 0 0 0 0 0 0 0 0 0 0 0 0 0 0 0 0 0 0 0 0 0 0 0 0 0 0 0 0 0 0 0 0 0 0 0 0 0 0 0 0 0 0 0 0 0 0 0 0 0 0 0 0 0 0 0 0 0 0 0 0 0 0 0 0 0 0 0 0 0 0 0 0 0 0 0 0 0 0 0 0 0 0 0 0 0 0 0 0 0 0 0 0 0 0 0 0 0 0 0 0 0 0 0 0 0 0 0 0 0 0 0 0 0 0 0 0 0 0 0 0 0 0 0 0 0 0 0 0 0 0 0 0 0 0 0 0 0 0 0 0 0 0 0 0 0 0 0 0 0 0 0 0 0 0 0 0 0 0 0 0 0 0 0 0 0 0 0 0 0 0 0 0 0 0 0 0 0 0 0 0 0 0 0 0 0 0 0 0 0 0 0 0 0 0 0 0 0 0 0 0 0 0 0 0 0 0 0 0 0 0 0 0 0 0 0 0 0 0 0 0 0 0 0 0 0 0 0 0 0 0 0 0 0 0 0 0 0 0 0 0 0 0 0 0 0 0 0 0 0 0 0 0 0 0 0 0 0 0 0 0 0 0 0 0 0 0 0 0 0 0 0 0 0 0 0 0 0 0 0 0 0 0 0 0 0 0 0 0 0 0 0 0 0 0 0 0 0 0 0 0 0 0 0 0 0 0 0 0 0 0 0 0 0 0 0 0 0 0 0 0 0 0 0 0 0 0 0 0 0 0 0 0 0 0 0 0 0 0 0 0 0 0 0 0 0 0 0 0 0 0 0 0 0 0 0 0 0 0 0 0 0 0 0 0 0 0 0 0 0 0 0 0 0 0 0 0 0 0 0 0 0 0 0 0 0 0 0 0 0 0 0 0 0 0 0 0 0 0 0 0 0 0 0 0 0 0 0 0 0 0 0 0 0 0 0 0 0 0 0 0 0 0 0 0 0 0 0 0 0 0 0 0 0 0 0 0 0 0 0 0 0 0 0 0 0 0 0 0 0 0 0 0 0 0 0 0 0 0 0 0 0 0 0 0 0 0 0 0 0 0 0 0 0 0 0 0 0 0 0 0 0 0 0 0 0 0 0 0 0 0 0 0 0 0 0 0 0 0 0 0 0 0 0 0 0 0 0 0 0 0 0 0 0 0 0 0 0 0 0 0 0 0 0 0 0 0 0 0 0 0 0 0 0 0 0 0 0 0 0 0 0 0 0 0 0 0 0 0 0 0 0 0 0 0 0 0 0 0 0 0 0 0 0 0 0 0 0 0 0 0 0 0 0 0 0 0 0 0 0 0 0 0 0 0 0 0 0 0 0 0 0 0 0 0 0 0 0 0 0 0 0 0 0 0 0 0 0 0 0 0 0 0 0 0 0 0 0 0 0 0 0 0 0 0 0 0 0 0 0 0 0 0 0 0 0 0 0 0 0 0 0 0 0 0 0 0 0 0 0 0 0 0 0 0 0 0 0 0 0 0 0 0 0 0 0 0 0 0 0 0 0 0 0 0 0 0 0 0 0 0 0 0 0 0 0 0 0 0 0 0 0 0 0 0 0 0 0 0 0 0 0 0 0 0 0 0 0 0 0 0 0 0 0 0 0 0 0 0 0 0 0 0 0 0 0 0 0 0 0 0 0 0 0 0 0 0 0 0 0 0 0 0 0 0 0 0 0 0 0 0 0 0 0 0 0 0 0 0 0 0 0 0 0 0 0 0 0 0 0 0 0 0 0 0 0 0 0 0 0 0 0 0 0 0 0 0 0 0 0 0 0 0 0 0 0 0 0 0 0 0 0 0 0 0 0 0 0 0 0 0 0 0 0 0 0 0 0 0 0 0 0 0 0 0 0 0
ctxt 50466395
btime 1543940408
processes 354093
procs_running 5
procs_blocked 3
softirq 59645273 6 24078220 255037 10254526 142067 69 314945 12727670 0 11872733
