cat /proc/stat for rzansel, node rzansel42
statistics about the system since last restart
Wed Nov  7 09:28:35 PST 2018

cpu  16293570 2843 6641916 8332637348 52062 0 11284 0 0 0
cpu0 571993 57 164886 46725487 2298 0 100 0 0 0
cpu1 120028 22 21788 47291664 1214 0 5590 0 0 0
cpu2 85413 27 11909 47370973 1157 0 471 0 0 0
cpu3 89919 8 10625 47375673 448 0 62 0 0 0
cpu4 295058 31 127258 47044226 556 0 1 0 0 0
cpu5 83331 19 11685 47381339 470 0 4 0 0 0
cpu6 78794 34 10796 47386897 405 0 3 0 0 0
cpu7 82181 3 10596 47383905 352 0 101 0 0 0
cpu8 284830 52 137409 47049586 416 0 0 0 0 0
cpu9 111496 20 10485 47354134 379 0 44 0 0 0
cpu10 94442 19 9530 47372358 302 0 1 0 0 0
cpu11 80647 7 8931 47386950 254 0 14 0 0 0
cpu12 285210 43 131613 47054728 408 0 31 0 0 0
cpu13 97174 18 10760 47368276 378 0 4 0 0 0
cpu14 87094 25 10227 47379194 224 0 36 0 0 0
cpu15 85802 1 9529 47381249 159 0 2 0 0 0
cpu16 310430 40 134024 47026380 475 0 39 0 0 0
cpu17 52841 19 6426 47417044 438 0 50 0 0 0
cpu18 8824 23 3427 47464665 366 0 0 0 0 0
cpu19 10647 3 3909 47462460 411 0 0 0 0 0
cpu20 220693 38 126821 47121003 319 0 888 0 0 0
cpu21 32529 19 5685 47438763 417 0 2 0 0 0
cpu22 16519 25 4353 47456357 299 0 0 0 0 0
cpu23 34839 8 4201 47438153 333 0 1 0 0 0
cpu24 278395 65 139149 47059151 479 0 14 0 0 0
cpu25 59137 24 7620 47409816 188 0 0 0 0 0
cpu26 43075 7 6797 47426032 351 0 35 0 0 0
cpu27 48584 7 6651 47420911 254 0 137 0 0 0
cpu28 262421 106 118012 47080887 768 0 1 0 0 0
cpu29 54657 15 7730 47414080 390 0 2 0 0 0
cpu30 60952 19 8200 47405708 513 0 1157 0 0 0
cpu31 43644 4 24896 47408265 199 0 1 0 0 0
cpu32 317729 44 135567 47018210 522 0 3 0 0 0
cpu33 61991 25 8823 47405791 255 0 0 0 0 0
cpu34 48907 21 7072 47416417 356 0 0 0 0 0
cpu35 53587 4 7118 47415434 318 0 2 0 0 0
cpu36 243032 46 127793 47104602 393 0 2 0 0 0
cpu37 63406 24 8058 47404787 470 0 1 0 0 0
cpu38 76550 17 7621 47392355 385 0 18 0 0 0
cpu39 56295 4 9219 47407127 391 0 14 0 0 0
cpu40 417115 46 101769 46955453 1267 0 0 0 0 0
cpu41 68368 26 15974 47391475 1194 0 8 0 0 0
cpu42 46775 22 7366 47422552 548 0 0 0 0 0
cpu43 49087 5 7690 47419833 612 0 0 0 0 0
cpu44 259201 57 159889 47054555 346 0 28 0 0 0
cpu45 66108 20 9504 47401070 265 0 73 0 0 0
cpu46 52659 29 8773 47415504 271 0 0 0 0 0
cpu47 45597 5 7322 47423890 343 0 0 0 0 0
cpu48 303599 92 141793 47024472 487 0 0 0 0 0
cpu49 60569 22 8414 47407313 503 0 0 0 0 0
cpu50 60533 28 7554 47408319 393 0 23 0 0 0
cpu51 48357 5 6324 47421795 484 0 2 0 0 0
cpu52 215836 48 136542 47117329 415 0 0 0 0 0
cpu53 67127 13 8495 47400396 518 0 31 0 0 0
cpu54 84481 20 8127 47383997 400 0 85 0 0 0
cpu55 54734 3 7082 47414746 453 0 1 0 0 0
cpu56 239026 43 141200 47090196 448 0 1 0 0 0
cpu57 82998 19 9906 47383962 260 0 1 0 0 0
cpu58 68492 22 8724 47399721 339 0 0 0 0 0
cpu59 52515 4 6964 47417362 212 0 13 0 0 0
cpu60 238110 57 135671 47096680 470 0 2 0 0 0
cpu61 59702 11 9004 47407552 405 0 430 0 0 0
cpu62 54492 11 9014 47413493 209 0 1 0 0 0
cpu63 52478 4 8084 47416386 279 0 3 0 0 0
cpu64 290760 48 142461 47037884 397 0 1 0 0 0
cpu65 51144 11 8730 47416710 216 0 1 0 0 0
cpu66 57236 29 7661 47411838 235 0 0 0 0 0
cpu67 45323 25 7545 47421906 265 0 0 0 0 0
cpu68 232041 52 134120 47108369 446 0 1 0 0 0
cpu69 62788 12 8484 47404961 298 0 283 0 0 0
cpu70 50406 32 7372 47418889 240 0 0 0 0 0
cpu71 76021 4 8154 47392519 219 0 0 0 0 0
cpu72 273547 50 145736 47053898 384 0 218 0 0 0
cpu73 58601 17 8394 47409491 404 0 79 0 0 0
cpu74 42998 17 6769 47426186 577 0 0 0 0 0
cpu75 45252 3 5392 47426111 314 0 1 0 0 0
cpu76 241702 50 136705 47095585 343 0 0 0 0 0
cpu77 61895 23 8388 47406061 369 0 3 0 0 0
cpu78 50322 19 6365 47419754 424 0 1 0 0 0
cpu79 41172 5 7220 47428155 381 0 25 0 0 0
cpu80 84174 62 231602 47153424 571 0 18 0 0 0
cpu81 24719 73 63476 47380772 747 0 61 0 0 0
cpu82 4079 38 7237 47459599 68 0 609 0 0 0
cpu83 6230 25 4198 47465579 598 0 21 0 0 0
cpu84 66608 336 228440 47172957 1297 0 155 0 0 0
cpu85 12689 110 38613 47420273 689 0 49 0 0 0
cpu86 14774 95 49884 47409152 1070 0 45 0 0 0
cpu87 12497 102 51316 47407781 456 0 26 0 0 0
cpu88 451045 0 91312 46930761 1134 0 3 0 0 0
cpu89 42004 0 6763 47428083 443 0 0 0 0 0
cpu90 20524 0 3399 47448458 462 0 0 0 0 0
cpu91 24676 0 3344 47448464 971 0 0 0 0 0
cpu92 256922 0 130736 47083279 104 0 0 0 0 0
cpu93 20082 0 3678 47453574 69 0 0 0 0 0
cpu94 12354 0 2732 47457774 24 0 0 0 0 0
cpu95 22836 0 2805 47451767 39 0 0 0 0 0
cpu96 215757 0 128090 47125082 223 0 1 0 0 0
cpu97 43597 0 3588 47430217 31 0 0 0 0 0
cpu98 14062 0 2475 47460889 24 0 0 0 0 0
cpu99 14056 0 2285 47461145 17 0 0 0 0 0
cpu100 220575 0 127095 47126815 62 0 0 0 0 0
cpu101 33691 0 3384 47440271 47 0 0 0 0 0
cpu102 14040 0 2497 47460739 10 0 0 0 0 0
cpu103 12275 0 2348 47462831 12 0 0 0 0 0
cpu104 260904 0 136126 47078839 215 0 0 0 0 0
cpu105 28666 0 2736 47445542 169 0 0 0 0 0
cpu106 14545 0 2089 47460318 28 0 0 0 0 0
cpu107 10987 0 2125 47463901 7 0 0 0 0 0
cpu108 232271 0 123604 47116015 159 0 0 0 0 0
cpu109 22164 0 2530 47452302 30 0 0 0 0 0
cpu110 20067 0 2243 47454662 13 0 0 0 0 0
cpu111 11797 0 1553 47463783 0 0 0 0 0 0
cpu112 220191 0 128484 47125343 87 0 0 0 0 0
cpu113 61022 0 3442 47412479 29 0 0 0 0 0
cpu114 13874 0 2047 47461096 31 0 0 0 0 0
cpu115 9879 0 1673 47465529 11 0 0 0 0 0
cpu116 233743 0 125571 47115284 19 0 0 0 0 0
cpu117 18745 0 2282 47456123 9 0 0 0 0 0
cpu118 15894 0 1814 47459370 30 0 0 0 0 0
cpu119 9487 0 1814 47465762 8 0 0 0 0 0
cpu120 261724 0 131037 47077361 131 0 12 0 0 0
cpu121 32330 0 3134 47441604 86 0 0 0 0 0
cpu122 11606 0 1969 47463527 39 0 9 0 0 0
cpu123 9889 0 1690 47465507 116 0 0 0 0 0
cpu124 198766 0 125502 47148462 82 0 0 0 0 0
cpu125 14178 0 2170 47460705 53 0 0 0 0 0
cpu126 39437 0 2500 47435175 41 0 0 0 0 0
cpu127 13110 0 1975 47462162 36 0 13 0 0 0
cpu128 366187 0 68766 47039961 1585 0 2 0 0 0
cpu129 24842 0 3475 47449035 53 0 0 0 0 0
cpu130 19379 0 3353 47453958 677 0 0 0 0 0
cpu131 39751 0 2683 47434756 249 0 0 0 0 0
cpu132 243923 0 117029 47108557 163 0 0 0 0 0
cpu133 15573 0 2693 47458999 22 0 0 0 0 0
cpu134 9946 0 2252 47465145 7 0 0 0 0 0
cpu135 12752 0 2030 47462580 2 0 0 0 0 0
cpu136 250974 0 122022 47099083 136 0 0 0 0 0
cpu137 41281 0 3491 47432460 58 0 0 0 0 0
cpu138 12436 0 2505 47462416 8 0 0 0 0 0
cpu139 11336 0 2252 47463884 6 0 0 0 0 0
cpu140 234455 0 121322 47117805 91 0 0 0 0 0
cpu141 17966 0 2709 47456591 26 0 1 0 0 0
cpu142 12941 0 2385 47462136 4 0 0 0 0 0
cpu143 12955 0 2005 47462447 3 0 0 0 0 0
cpu144 245048 0 121754 47105438 108 0 1 0 0 0
cpu145 20437 0 2705 47453475 18 0 0 0 0 0
cpu146 18945 0 2272 47455795 77 0 0 0 0 0
cpu147 11640 0 1725 47463874 32 0 0 0 0 0
cpu148 217869 0 118986 47136568 64 0 0 0 0 0
cpu149 28375 0 6962 47440757 71 0 0 0 0 0
cpu150 17569 0 2071 47457408 82 0 0 0 0 0
cpu151 17103 0 1598 47458321 47 0 0 0 0 0
cpu152 259074 0 121946 47091482 212 0 0 0 0 0
cpu153 53050 0 3405 47420704 19 0 0 0 0 0
cpu154 11109 0 2077 47463945 10 0 0 0 0 0
cpu155 12321 0 1636 47463196 8 0 0 0 0 0
cpu156 234914 0 121309 47117599 34 0 0 0 0 0
cpu157 18316 0 2432 47456208 136 0 0 0 0 0
cpu158 13344 0 1899 47461845 36 0 0 0 0 0
cpu159 15296 0 2116 47459666 11 0 0 0 0 0
cpu160 223636 0 121135 47128251 205 0 0 0 0 0
cpu161 35361 0 3238 47438499 64 0 0 0 0 0
cpu162 39310 0 2095 47435605 56 0 6 0 0 0
cpu163 12870 0 1718 47462428 75 0 0 0 0 0
cpu164 229693 0 118311 47123758 158 0 0 0 0 0
cpu165 15164 0 2133 47459787 94 0 0 0 0 0
cpu166 14992 0 1887 47460213 36 0 0 0 0 0
cpu167 12232 0 1901 47462911 71 0 11 0 0 0
cpu168 60940 0 20782 47390224 363 0 25 0 0 0
cpu169 39493 0 15998 47418895 103 0 3 0 0 0
cpu170 38262 0 19461 47415993 127 0 4 0 0 0
cpu171 28428 0 13293 47432836 106 0 5 0 0 0
cpu172 62422 0 26456 47383091 233 0 28 0 0 0
cpu173 46197 0 28702 47397411 103 0 10 0 0 0
cpu174 43040 0 25966 47403402 113 0 9 0 0 0
cpu175 38618 0 23688 47409922 66 0 11 0 0 0
intr 1019721038 0 0 0 0 0 0 0 0 0 0 0 0 0 0 0 0 0 0 1632 0 2 0 0 0 0 0 0 3469 0 0 0 0 0 0 0 0 0 0 0 0 0 0 0 0 0 0 0 0 0 21227 1247 5257 1659 25602 2811 59859 0 0 0 0 0 0 0 1 0 0 0 0 0 1050 7635 1681 0 0 0 0 7849 1224 39462 1202 0 0 0 0 792 8872778 4608 0 0 0 0 0 0 0 781588 255545 0 0 0 0 6643598 88232 59795 4537809 5321642 627884 63571 92321 127166 955820 329809 907751 1012374 493354 6600255 238569 373495 266472 316384 0 0 0 0 0 0 0 0 0 0 0 0 0 0 0 0 0 0 0 0 0 0 0 0 0 0 0 0 0 0 0 0 0 0 0 0 0 0 0 0 0 0 0 0 0 0 0 0 0 0 0 0 0 0 0 0 0 0 0 0 0 0 0 0 0 0 0 0 0 0 0 0 0 0 0 0 0 0 0 0 0 0 0 0 0 0 0 0 0 0 0 0 0 0 0 0 0 0 0 0 0 0 0 0 0 0 0 0 0 0 0 0 0 0 0 0 0 0 0 0 0 0 0 0 0 0 0 0 0 0 0 0 0 0 0 0 0 0 0 0 0 0 0 0 0 0 0 0 0 0 0 0 0 0 0 0 0 0 0 0 0 0 0 0 0 0 0 0 0 0 0 0 0 0 111585 777 14071 1530 12637 1178 5572 1208 3390 988 2798 910 793 391 3374 1505 584 498 10661 1188 1194 276 5986 1080 1075 440 2573 1153 1997 763 3144 1033 1048 305 13585 1191 709 786 6689 4028 684 499 20596 19669 13094 4076 204520 33439 100275 8083 417 1537 47 76 106 21 204 73 292 44 69 70 423 10 239 5 656 41 1362 124 436 25 496 25 380 42 103 70 26 35 4 3 143 63 10 3 63 1 3 3 108 4 8 7 88 24 8 2 106 4 6 2 76 12 45 4 92405 44976 32228 37504 87144 61036 55657 43434 606 1857189 802 0 402399 108986 109215 0 0 0 0 0 0 0 0 0 0 0 0 0 0 0 0 0 0 0 0 0 0 0 0 0 0 0 0 0 0 0 0 0 0 0 0 0 0 0 0 0 0 0 0 0 0 0 0 0 0 0 0 0 0 0 0 0 0 0 0 0 0 0 0 0 0 0 0 0 0 0 0 0 0 0 0 0 0 0 0 0 0 0 818 0 0 2 0 0 17 4 7772 0 4495 0 2245 0 795 0 0 0 0 0 0 0 0 0 0 0 0 0 0 0 0 0 0 0 0 0 0 0 0 0 0 0 0 0 0 0 0 0 0 0 0 0 0 0 0 0 0 0 0 0 0 0 0 0 0 0 0 0 0 0 0 0 0 0 0 0 0 0 0 0 0 0 0 0 0 0 0 0 16 1343997 1 0 60194 109099 109137 0 0 0 0 0 0 0 0 0 0 0 0 0 0 0 0 0 0 0 0 0 0 0 0 0 0 0 0 0 0 0 0 0 0 0 0 0 0 0 0 0 0 0 0 0 0 0 0 0 0 0 0 0 0 0 0 0 0 0 0 0 0 0 0 0 0 0 0 0 0 0 0 0 0 0 0 0 0 0 0 0 0 0 0 0 0 0 0 0 0 0 0 0 0 0 0 0 0 0 0 0 0 0 0 0 0 0 0 0 0 0 0 0 0 0 0 0 0 0 0 0 0 0 0 0 0 0 0 0 0 0 0 0 0 0 0 0 0 0 0 0 0 0 0 0 0 0 0 0 0 0 0 0 0 0 0 0 0 0 0 0 0 0 0 0 0 0 0 0 0 0 0 0 16 1312320 5 0 58927 109091 109135 0 0 0 0 0 0 0 0 0 0 0 0 0 0 0 0 0 0 0 0 0 0 0 0 0 0 0 0 0 0 0 0 0 0 0 0 0 0 0 0 0 0 0 0 0 0 0 0 0 0 0 0 0 0 0 0 0 0 0 0 0 0 0 0 0 0 0 0 0 0 0 0 0 0 0 0 0 0 0 0 0 0 0 0 0 0 0 0 0 0 0 0 0 0 0 0 0 0 0 0 0 0 0 0 0 0 0 0 0 0 0 0 0 0 0 0 0 0 0 0 0 0 0 0 0 0 0 0 0 0 0 0 0 0 0 0 0 0 0 0 0 0 0 0 0 0 0 0 0 0 0 0 0 0 0 0 0 0 0 0 0 0 0 0 0 0 0 0 0 0 0 0 0 641920 520782 520321 518452
ctxt 2015395487
btime 1541136938
processes 2428864
procs_running 3
procs_blocked 0
softirq 238791939 2 63745377 615109 39663839 0 965540 15455338 57752200 0 60594534
