cat /proc/stat for rzansel, node rzansel1
statistics about the system since last restart
Thu Feb 14 14:19:38 PST 2019

cpu  62453894 2932 163453547 1116128543 17175 0 1998 0 0 0
cpu0 614562 24 805311 6169584 2100 0 74 0 0 0
cpu1 663155 38 799712 6150449 284 0 816 0 0 0
cpu2 367399 21 797314 6464046 62 0 45 0 0 0
cpu3 359421 21 797586 6478403 80 0 2 0 0 0
cpu4 466329 34 904118 6258271 291 0 18 0 0 0
cpu5 293153 15 832377 6505839 315 0 1 0 0 0
cpu6 243411 7 803467 6587171 31 0 1 0 0 0
cpu7 243510 22 791017 6599930 21 0 2 0 0 0
cpu8 460099 31 1188038 5967080 175 0 8 0 0 0
cpu9 348668 19 1025615 6245241 43 0 1 0 0 0
cpu10 258274 17 839300 6530729 119 0 20 0 0 0
cpu11 262110 14 845958 6521032 42 0 0 0 0 0
cpu12 432278 40 1202674 5980699 121 0 1 0 0 0
cpu13 314325 24 974985 6333664 138 0 2 0 0 0
cpu14 266269 12 870103 6491486 18 0 0 0 0 0
cpu15 264433 10 858826 6506032 20 0 0 0 0 0
cpu16 284629 18 858561 6482091 41 0 4 0 0 0
cpu17 434306 23 1224548 5967746 130 0 8 0 0 0
cpu18 347147 20 1009393 6257872 24 0 0 0 0 0
cpu19 275516 18 842035 6504078 74 0 1 0 0 0
cpu20 493124 26 1222954 5897013 283 0 2 0 0 0
cpu21 334827 16 996866 6291303 48 0 1 0 0 0
cpu22 254676 11 828921 6545140 61 0 0 0 0 0
cpu23 249843 21 815622 6565477 74 0 0 0 0 0
cpu24 446316 92 1244723 5921540 229 0 0 0 0 0
cpu25 303254 12 952863 6371309 77 0 0 0 0 0
cpu26 244701 46 841233 6542682 57 0 0 0 0 0
cpu27 264120 15 845306 6519637 89 0 0 0 0 0
cpu28 488442 32 1224475 5900812 44 0 0 0 0 0
cpu29 331956 15 989629 6304471 9 0 0 0 0 0
cpu30 246031 13 812370 6573668 29 0 0 0 0 0
cpu31 241353 15 799587 6591952 19 0 0 0 0 0
cpu32 460733 28 1265503 5887127 107 0 29 0 0 0
cpu33 331953 23 1004861 6287466 26 0 0 0 0 0
cpu34 235562 24 810780 6585248 20 0 0 0 0 0
cpu35 223636 13 787212 6622616 96 0 19 0 0 0
cpu36 511382 10 1235667 5865752 90 0 1 0 0 0
cpu37 297058 11 900787 6428629 159 0 24 0 0 0
cpu38 281181 14 863756 6480907 200 0 95 0 0 0
cpu39 244612 13 796660 6590618 35 0 0 0 0 0
cpu40 452309 14 1192029 5969049 1052 0 0 0 0 0
cpu41 342301 21 1022614 6257555 51 0 0 0 0 0
cpu42 243687 16 820697 6566956 25 0 0 0 0 0
cpu43 231801 25 802821 6596415 21 0 0 0 0 0
cpu44 473251 26 1243673 5896175 84 0 5 0 0 0
cpu45 338998 9 1026618 6257445 26 0 15 0 0 0
cpu46 238735 10 822968 6568455 32 0 0 0 0 0
cpu47 237115 16 816048 6578256 10 0 0 0 0 0
cpu48 442730 48 1233438 5940354 147 0 5 0 0 0
cpu49 264133 10 884724 6481025 155 0 0 0 0 0
cpu50 294408 34 956189 6375483 39 0 0 0 0 0
cpu51 227731 16 810482 6594237 87 0 1 0 0 0
cpu52 514120 30 1185582 5915660 197 0 0 0 0 0
cpu53 311655 24 931395 6381775 53 0 0 0 0 0
cpu54 251744 12 780695 6599504 20 0 12 0 0 0
cpu55 269827 7 841897 6517258 23 0 4 0 0 0
cpu56 418296 19 1137527 6064537 37 0 0 0 0 0
cpu57 324359 18 902400 6401607 27 0 2 0 0 0
cpu58 256668 24 822937 6551136 75 0 0 0 0 0
cpu59 307684 17 921255 6395607 25 0 0 0 0 0
cpu60 471088 36 1244404 5897132 167 0 4 0 0 0
cpu61 299693 16 937045 6389418 33 0 4 0 0 0
cpu62 226545 10 785456 6619734 56 0 0 0 0 0
cpu63 263717 12 867172 6498039 11 0 0 0 0 0
cpu64 453825 34 1266504 5895889 35 0 0 0 0 0
cpu65 218428 19 778515 6636435 24 0 0 0 0 0
cpu66 248714 22 846899 6535309 24 0 0 0 0 0
cpu67 294232 19 947475 6384531 21 0 0 0 0 0
cpu68 379592 37 1039660 6199871 30 0 9 0 0 0
cpu69 409289 14 1120417 6069415 25 0 1 0 0 0
cpu70 332475 33 936005 6354362 36 0 0 0 0 0
cpu71 277968 28 806620 6542303 30 0 1 0 0 0
cpu72 571843 36 1172349 5872217 294 0 63 0 0 0
cpu73 301405 19 920719 6404902 73 0 4 0 0 0
cpu74 228711 12 783992 6619110 134 0 5 0 0 0
cpu75 230027 16 777161 6624748 38 0 0 0 0 0
cpu76 452344 43 1189347 5978168 163 0 1 0 0 0
cpu77 308738 37 881977 6436427 374 0 21 0 0 0
cpu78 246805 19 793317 6592922 72 0 0 0 0 0
cpu79 255011 12 839543 6535489 45 0 0 0 0 0
cpu80 443581 28 1182256 5990816 59 0 2 0 0 0
cpu81 312794 13 883438 6431440 30 0 130 0 0 0
cpu82 243811 28 791339 6596423 17 0 7 0 0 0
cpu83 217952 21 767884 6644157 12 0 139 0 0 0
cpu84 434793 39 1176031 6008035 665 0 68 0 0 0
cpu85 274481 34 864657 6489081 805 0 29 0 0 0
cpu86 272572 17 852093 6504866 188 0 1 0 0 0
cpu87 222846 110 785577 6623704 7 0 14 0 0 0
cpu88 820004 14 1135412 5657248 1927 0 0 0 0 0
cpu89 390372 11 903039 6331158 28 0 0 0 0 0
cpu90 300253 7 779755 6551374 1 0 0 0 0 0
cpu91 333421 4 861209 6433047 1 0 0 0 0 0
cpu92 508987 14 1109122 6002293 193 0 0 0 0 0
cpu93 404314 11 1008478 6207607 3 0 0 0 0 0
cpu94 310835 6 816153 6502905 1 0 0 0 0 0
cpu95 323942 11 865644 6439004 1 0 0 0 0 0
cpu96 525427 14 1237984 5846196 233 0 0 0 0 0
cpu97 380828 14 945495 6297551 3 0 0 0 0 0
cpu98 321600 7 831097 6475899 35 0 0 0 0 0
cpu99 300405 7 787017 6542736 3 0 0 0 0 0
cpu100 500212 10 1229993 5885298 161 0 0 0 0 0
cpu101 339668 6 868491 6420073 2 0 0 0 0 0
cpu102 337861 11 890088 6397861 5 0 0 0 0 0
cpu103 288030 9 791601 6550739 5 0 0 0 0 0
cpu104 501222 11 1210259 5902850 16 0 0 0 0 0
cpu105 362034 7 920798 6344581 4 0 0 0 0 0
cpu106 289344 10 782639 6559577 1 0 0 0 0 0
cpu107 320574 4 835671 6472205 0 0 0 0 0 0
cpu108 452440 14 1134613 6031498 52 0 0 0 0 0
cpu109 368111 6 973569 6282263 8 0 0 0 0 0
cpu110 304572 9 846367 6477597 0 0 0 0 0 0
cpu111 278129 3 777186 6577008 2 0 0 0 0 0
cpu112 465246 10 1077508 6075239 18 0 0 0 0 0
cpu113 993959 13 767546 5868469 116 0 121 0 0 0
cpu114 340318 11 740233 6551032 0 0 0 0 0 0
cpu115 324893 13 765389 6541590 3 0 0 0 0 0
cpu116 502292 15 1082542 6033495 46 0 0 0 0 0
cpu117 371678 10 891981 6363559 2 0 0 0 0 0
cpu118 298634 8 762733 6570619 3 0 0 0 0 0
cpu119 306693 2 795938 6527254 4 0 0 0 0 0
cpu120 346568 19 858612 6421742 37 0 18 0 0 0
cpu121 376658 10 965719 6283277 2 0 0 0 0 0
cpu122 294619 8 781466 6555480 32 0 0 0 0 0
cpu123 302462 7 810279 6518221 47 0 0 0 0 0
cpu124 511823 9 1286256 5818044 25 0 0 0 0 0
cpu125 339776 5 919864 6367600 0 0 0 0 0 0
cpu126 311449 10 811346 6509016 8 0 0 0 0 0
cpu127 261482 7 741388 6631493 0 0 15 0 0 0
cpu128 434172 13 983688 6201167 584 0 0 0 0 0
cpu129 340815 17 896750 6385524 1 0 0 0 0 0
cpu130 318836 12 833620 6472348 5 0 0 0 0 0
cpu131 342192 11 867910 6410637 1 0 0 0 0 0
cpu132 366314 9 960064 6301240 247 0 1 0 0 0
cpu133 343564 3 900346 6382168 172 0 0 0 0 0
cpu134 345695 5 897019 6384238 60 0 0 0 0 0
cpu135 341462 8 901106 6383272 18 0 0 0 0 0
cpu136 518815 18 1227028 5872955 195 0 0 0 0 0
cpu137 357958 8 942512 6325108 7 0 0 0 0 0
cpu138 313576 7 839553 6474405 4 0 0 0 0 0
cpu139 311250 7 835511 6480570 10 0 0 0 0 0
cpu140 466731 21 1167705 5983903 188 0 0 0 0 0
cpu141 349984 7 937074 6338838 4 0 2 0 0 0
cpu142 318385 13 859460 6451008 79 0 0 0 0 0
cpu143 310232 7 841266 6480448 1 0 0 0 0 0
cpu144 514252 18 1227460 5870200 9 0 0 0 0 0
cpu145 365668 10 948587 6306693 2 0 0 0 0 0
cpu146 321623 5 841477 6463285 3 0 0 0 0 0
cpu147 312061 14 824574 6491676 3 0 0 0 0 0
cpu148 477941 10 1194853 5942190 8 0 0 0 0 0
cpu149 282172 14 781428 6566949 0 0 0 0 0 0
cpu150 349819 5 931556 6343266 1 0 0 0 0 0
cpu151 311232 10 842990 6471325 2 0 0 0 0 0
cpu152 497449 11 1185635 5933278 39 0 4 0 0 0
cpu153 370765 9 942682 6310058 8 0 0 0 0 0
cpu154 325041 11 841601 6459986 3 0 0 0 0 0
cpu155 313820 8 813010 6501027 2 0 0 0 0 0
cpu156 452243 11 1138138 6027568 128 0 0 0 0 0
cpu157 360157 6 921681 6342193 5 0 0 0 0 0
cpu158 324698 12 844792 6456629 15 0 0 0 0 0
cpu159 315611 11 825996 6485244 140 0 0 0 0 0
cpu160 483944 17 1011026 6127974 55 0 0 0 0 0
cpu161 336333 5 810602 6482672 26 0 0 0 0 0
cpu162 297534 13 738674 6596443 60 0 11 0 0 0
cpu163 753625 11 790029 6089995 59 0 96 0 0 0
cpu164 497170 16 991624 6136359 74 0 0 0 0 0
cpu165 344028 6 844446 6442571 30 0 0 0 0 0
cpu166 308044 7 790015 6533112 15 0 0 0 0 0
cpu167 285991 7 765856 6580632 41 0 0 0 0 0
cpu168 507202 13 1176347 5936341 33 0 0 0 0 0
cpu169 309705 17 808349 6510659 11 0 6 0 0 0
cpu170 322612 13 832718 6471123 10 0 0 0 0 0
cpu171 313638 6 805693 6510064 9 0 0 0 0 0
cpu172 420831 27 1058444 6142737 133 0 0 0 0 0
cpu173 355315 10 917990 6351177 9 0 1 0 0 0
cpu174 308749 8 813978 6505989 8 0 1 0 0 0
cpu175 304919 10 795650 6528282 8 0 0 0 0 0
intr 9165911006 0 0 0 0 0 0 0 0 0 0 0 0 0 0 0 0 0 0 295 0 2 0 0 0 0 0 0 3448 0 0 0 0 0 0 0 0 0 0 0 0 0 0 0 0 0 0 0 0 0 6193 3994 2021 1489 15582 1094 22372 0 0 0 0 0 0 0 1 0 0 0 0 0 2619 9271 6384 0 0 0 0 3207 10050 2777 1429 0 0 0 0 16 1113936 65 0 0 0 0 0 0 0 1051408 618194 0 0 0 0 1107440 30923 5305 1188079 1260782 1445894 64335 30057 31795 64230 100843 110479 252293 105798 25587 54319 67842 19935 27592 0 0 0 0 0 0 0 0 0 0 0 0 0 0 0 0 0 0 0 0 0 0 0 0 0 0 0 0 0 0 0 0 0 0 0 0 0 0 0 0 0 0 0 0 0 0 0 0 0 0 0 0 0 0 0 0 0 0 0 0 0 0 0 0 0 0 0 0 0 0 0 0 0 0 0 0 0 0 0 0 0 0 0 0 0 0 0 0 0 0 0 0 0 0 0 0 0 0 0 0 0 0 0 0 0 0 0 0 0 0 0 0 0 0 0 0 0 0 0 0 0 0 0 0 0 0 0 0 0 0 0 0 0 0 0 0 0 0 0 0 0 0 0 0 0 0 0 0 0 0 0 0 0 0 0 0 0 0 0 0 0 0 0 0 0 0 0 0 0 0 0 0 0 0 27753 1167 5052 9434 10383 1464 17557 2029 1939 1281 5202 593 613 433 23022 2434 1691 2089 1220 1397 18246 1940 717 1256 385 302 1351 550 497 532 1280 1037 5083 2044 6292 3196 82005 2761 2593 1479 2518 1636 12415 4106 2201 5862 19222 9399 4323 2350 1278 610 1146 662 4503 2359 4098 2510 1070 850 1105 828 820 756 988 704 1031 673 1302 484 3021 1250 1699 1217 878 484 444 752 994 816 1390 337 424 429 474 351 499 534 413 419 574 573 386 398 699 557 551 354 812 580 330 202 567 501 492 182 3977 1328 978 487 28555 1014 871 629 16 161492 32 0 108096 470293 469863 0 0 0 0 0 0 0 0 0 0 0 0 0 0 0 0 0 0 0 0 0 0 0 0 0 0 0 0 0 0 0 0 0 0 0 0 0 0 0 0 0 0 0 0 0 0 0 0 0 0 0 0 0 0 0 0 0 0 0 0 0 0 0 0 0 0 0 0 0 0 0 0 0 0 0 0 0 0 0 0 0 0 0 146 0 0 2 0 0 4 15 7526 0 4014 0 357 0 128 0 0 0 0 0 0 0 0 0 0 0 0 0 0 0 0 0 0 0 0 0 0 0 0 0 0 0 0 0 0 0 0 0 0 0 0 0 0 0 0 0 0 0 0 0 0 0 0 0 0 0 0 0 0 0 0 0 0 0 0 0 0 0 0 0 0 0 0 0 0 0 0 0 16 165465 61 0 134234 470025 469803 0 0 0 0 0 0 0 0 0 0 0 0 0 0 0 0 0 0 0 0 0 0 0 0 0 0 0 0 0 0 0 0 0 0 0 0 0 0 0 0 0 0 0 0 0 0 0 0 0 0 0 0 0 0 0 0 0 0 0 0 0 0 0 0 0 0 0 0 0 0 0 0 0 0 0 0 0 0 0 0 0 0 0 0 0 0 0 0 0 0 0 0 0 0 0 0 0 0 0 0 0 0 0 0 0 0 0 0 0 0 0 0 0 0 0 0 0 0 0 0 0 0 0 0 0 0 0 0 0 0 0 0 0 0 0 0 0 0 0 0 0 0 0 0 0 0 0 0 0 0 0 0 0 0 0 0 0 0 0 0 0 0 0 0 0 0 0 0 0 0 0 0 0 16 161949 29 0 134192 470206 469766 0 0 0 0 0 0 0 0 0 0 0 0 0 0 0 0 0 0 0 0 0 0 0 0 0 0 0 0 0 0 0 0 0 0 0 0 0 0 0 0 0 0 0 0 0 0 0 0 0 0 0 0 0 0 0 0 0 0 0 0 0 0 0 0 0 0 0 0 0 0 0 0 0 0 0 0 0 0 0 0 0 0 0 0 0 0 0 0 0 0 0 0 0 0 0 0 0 0 0 0 0 0 0 0 0 0 0 0 0 0 0 0 0 0 0 0 0 0 0 0 0 0 0 0 0 0 0 0 0 0 0 0 0 0 0 0 0 0 0 0 0 0 0 0 0 0 0 0 0 0 0 0 0 0 0 0 0 0 0 0 0 0 0 0 0 0 0 0 0 0 0 0 0 116448 114108 126533 100761
ctxt 26136009222
btime 1550106318
processes 11281552
procs_running 2
procs_blocked 2
softirq 569934457 2 206834989 98195 9104077 0 485800 7550394 237723774 0 108137226
