cat /proc/stat for rzansel, node rzansel61
statistics about the system since last restart
Thu Mar 14 12:38:31 PDT 2019

cpu  960706438 63110 95093035 36256470688 123246662 0 1032924 0 0 0
cpu0 3781191 74 913670 286238078 1124052 0 18912 0 0 0
cpu1 4896629 42 1046268 285256766 1236674 0 7870 0 0 0
cpu2 4836878 20 910959 285778767 962564 0 2594 0 0 0
cpu3 3961813 11 829476 286966919 732118 0 9656 0 0 0
cpu4 8221101 88 1069729 281521863 1558944 0 1222 0 0 0
cpu5 8110579 54 1012268 282139493 1205187 0 14149 0 0 0
cpu6 6226859 28 867487 284557374 877983 0 985 0 0 0
cpu7 8576992 20 805807 282364806 741621 0 11554 0 0 0
cpu8 15284975 7 1091818 274715429 1231116 0 871 0 0 0
cpu9 10357718 111 907144 276362523 4761571 0 6239 0 0 0
cpu10 7425935 29 759029 282829807 1440771 0 2018 0 0 0
cpu11 10927622 14 928369 279192873 1131104 0 104292 0 0 0
cpu12 9330568 20 1048968 279798173 2148690 0 2314 0 0 0
cpu13 7313219 25 1000389 282738393 1355587 0 969 0 0 0
cpu14 5820126 30 818379 284875023 939358 0 758 0 0 0
cpu15 5111156 6 672617 285908894 786722 0 1361 0 0 0
cpu16 13896672 230 1067901 275989538 1438738 0 2296 0 0 0
cpu17 10701608 30 1004236 279763038 1046432 0 5084 0 0 0
cpu18 8586534 40 832442 282277856 823116 0 10612 0 0 0
cpu19 6023751 67 697489 285198316 569786 0 8271 0 0 0
cpu20 11514805 960 1027000 278423139 1445763 0 2706 0 0 0
cpu21 6999229 1331 999761 283501596 1010076 0 9015 0 0 0
cpu22 4849163 1250 837095 286050991 793471 0 1785 0 0 0
cpu23 10198693 13 736105 280967179 647568 0 1932 0 0 0
cpu24 9811965 50 1103502 280137599 1366302 0 776 0 0 0
cpu25 12655376 37 922207 277864910 1073894 0 1872 0 0 0
cpu26 16797705 46 833402 274119096 753053 0 4716 0 0 0
cpu27 7042889 80 727206 284102618 672740 0 711 0 0 0
cpu28 7772145 26 1032918 282324284 1295664 0 8723 0 0 0
cpu29 7021340 31 937250 283490506 1070294 0 967 0 0 0
cpu30 8422960 22 792337 282521131 785170 0 1488 0 0 0
cpu31 4679816 39 723068 286444516 696450 0 721 0 0 0
cpu32 9210401 97 981257 280619801 1612726 0 3061 0 0 0
cpu33 7709284 104 899822 282808140 1109547 0 3717 0 0 0
cpu34 8048705 37 820693 280662309 2987555 0 7998 0 0 0
cpu35 6448179 19 699711 284485507 902940 0 3195 0 0 0
cpu36 6548143 291 960601 282933689 1943328 0 12098 0 0 0
cpu37 5531225 46 911397 284945738 1154207 0 1913 0 0 0
cpu38 4216734 60 846657 286589703 863120 0 12122 0 0 0
cpu39 4981962 25 741673 286096758 731125 0 2097 0 0 0
cpu40 10809158 70 963218 279181764 1392219 0 965 0 0 0
cpu41 14073075 33 860505 276375895 551379 0 187097 0 0 0
cpu42 7626359 29 813383 283213932 792600 0 740 0 0 0
cpu43 7899076 47 586459 283479643 525406 0 557 0 0 0
cpu44 6531234 94 961698 283534878 1242058 0 971 0 0 0
cpu45 7258812 44 839291 283385992 908757 0 723 0 0 0
cpu46 11894248 65 964687 278599409 658961 0 106056 0 0 0
cpu47 5123523 41 689581 285983665 585127 0 795 0 0 0
cpu48 10544244 170 1151927 278101849 2370722 0 114064 0 0 0
cpu49 9597332 113 1084293 280544483 1291546 0 1101 0 0 0
cpu50 5567485 34 817567 285247822 915688 0 765 0 0 0
cpu51 9240625 33 747725 281666247 857130 0 6322 0 0 0
cpu52 6944344 85 999100 282811183 1339611 0 79806 0 0 0
cpu53 6843582 88 959614 283301153 1403424 0 7211 0 0 0
cpu54 5692486 103 763135 285178313 897009 0 2788 0 0 0
cpu55 3480457 54 665695 287719803 692018 0 692 0 0 0
cpu56 7123464 93 996474 282601132 1458056 0 42470 0 0 0
cpu57 9330014 32 1065348 280695973 1168708 0 88531 0 0 0
cpu58 8043649 48 847602 282687675 857550 0 4816 0 0 0
cpu59 4425669 21 676158 286667699 729874 0 941 0 0 0
cpu60 7289606 83 1073021 282505829 1482918 0 2191 0 0 0
cpu61 7098947 106 1006440 283131669 1211860 0 5772 0 0 0
cpu62 7421755 42 889098 283213303 935583 0 6836 0 0 0
cpu63 4633395 32 737699 286374646 722916 0 8364 0 0 0
cpu64 9741577 811 882834 279813487 1971256 0 1868 0 0 0
cpu65 4033124 215 663943 286618071 1147850 0 3912 0 0 0
cpu66 4564834 151 558670 286626644 742502 0 763 0 0 0
cpu67 7118583 95 505434 284328502 580791 0 2587 0 0 0
cpu68 6025264 2922 777511 283970411 1655606 0 5339 0 0 0
cpu69 4011023 5717 657947 286817004 1021669 0 1112 0 0 0
cpu70 3202467 6037 553616 288022863 739586 0 879 0 0 0
cpu71 2771028 13530 497244 288700390 559660 0 602 0 0 0
cpu72 10819454 382 700888 279757773 1170650 0 1356 0 0 0
cpu73 9649802 482 629411 281361577 867866 0 973 0 0 0
cpu74 6886524 36 538724 284444628 656541 0 704 0 0 0
cpu75 6584146 79 475460 284992497 488368 0 532 0 0 0
cpu76 7273241 305 674336 283444563 1061249 0 1280 0 0 0
cpu77 7704427 756 615531 283370965 815972 0 931 0 0 0
cpu78 5420056 92 535735 285961456 609011 0 706 0 0 0
cpu79 5787755 55 476104 285748144 529293 0 491 0 0 0
cpu80 9395399 356 732738 281197300 1128412 0 1360 0 0 0
cpu81 9103134 311 644368 281924446 841221 0 936 0 0 0
cpu82 6228490 228 551304 285186697 561440 0 641 0 0 0
cpu83 5378624 145 486460 286209403 463633 0 512 0 0 0
cpu84 5122903 420 692173 285561632 1081734 0 1199 0 0 0
cpu85 4850748 313 626757 286198415 831996 0 930 0 0 0
cpu86 3807462 106 543774 287537484 637689 0 710 0 0 0
cpu87 3206468 159 485329 288390052 457556 0 539 0 0 0
cpu88 14283610 4496 712744 276354506 1103723 0 1361 0 0 0
cpu89 11341112 1539 647589 279703268 822293 0 982 0 0 0
cpu90 8646445 1081 559087 282800476 521606 0 691 0 0 0
cpu91 7388491 165 495599 284221697 434825 0 605 0 0 0
cpu92 4719163 245 705308 285968689 1069837 0 1307 0 0 0
cpu93 3597200 176 622885 287555523 744302 0 982 0 0 0
cpu94 5000625 176 595096 286394345 515717 0 577 0 0 0
cpu95 3645390 131 496378 287886085 517145 0 553 0 0 0
cpu96 9298785 450 713637 281317948 1117309 0 1616 0 0 0
cpu97 11023209 153 650766 279987468 852125 0 1110 0 0 0
cpu98 8976893 101 548634 282451059 551456 0 768 0 0 0
cpu99 7280820 88 486297 284294840 479015 0 565 0 0 0
cpu100 8266867 959 699686 282370269 1110710 0 1591 0 0 0
cpu101 8089388 145 640434 282939473 841470 0 1165 0 0 0
cpu102 5337559 345 543796 286075879 566980 0 809 0 0 0
cpu103 3820473 924 482029 287794169 446818 0 578 0 0 0
cpu104 13461359 246 680756 277269809 1053014 0 1194 0 0 0
cpu105 11949401 250 613507 279232457 719863 0 944 0 0 0
cpu106 8168354 85 524422 283296208 539787 0 637 0 0 0
cpu107 8382070 218 469055 283178678 510773 0 513 0 0 0
cpu108 8768998 325 661098 282050793 990114 0 1110 0 0 0
cpu109 7672520 139 606607 283478164 757217 0 769 0 0 0
cpu110 7253985 136 520956 284247954 505286 0 656 0 0 0
cpu111 5488778 64 466165 286123472 463975 0 489 0 0 0
cpu112 11389207 1033 686893 279313421 1065709 0 1278 0 0 0
cpu113 9759447 338 628201 281366620 760629 0 932 0 0 0
cpu114 8530829 209 537895 282969303 491948 0 692 0 0 0
cpu115 8011150 134 468261 283652383 412270 0 500 0 0 0
cpu116 7134828 760 672058 283713209 941487 0 1230 0 0 0
cpu117 8280541 373 625465 282848748 750041 0 3633 0 0 0
cpu118 5382419 53 537820 286071761 538114 0 653 0 0 0
cpu119 4865100 67 479407 286735046 462626 0 532 0 0 0
cpu120 8781068 895 769049 281761203 1121004 0 1203 0 0 0
cpu121 6825176 573 655177 284217072 824739 0 927 0 0 0
cpu122 8847293 542 550854 282543655 594712 0 631 0 0 0
cpu123 6073692 319 480118 285556355 436890 0 486 0 0 0
cpu124 6783464 2096 697143 283869754 1108416 0 1371 0 0 0
cpu125 5266338 874 637693 285850533 766401 0 964 0 0 0
cpu126 4728665 1019 547759 286640613 615106 0 665 0 0 0
cpu127 5154009 415 492595 286416218 481354 0 579 0 0 0
intr 21350706433 0 0 0 0 0 0 0 0 0 0 0 0 0 0 0 0 0 0 79 0 2 0 0 0 0 0 0 4086 0 0 0 0 0 0 0 0 0 0 0 0 0 0 0 0 0 0 0 0 0 2813250 0 124372984 334425392 62852945 72453481 61078774 0 0 0 0 0 0 0 1 0 0 0 0 0 260 41309777 95190484 0 0 0 0 201384365 2813238 0 38316834 0 0 0 0 0 0 0 0 0 0 0 0 0 0 0 24562729 0 0 0 0 0 44230771 47253496 50309324 55090783 31150558 46780554 53481851 0 0 0 0 0 0 0 0 0 0 0 0 0 0 0 0 0 0 0 0 0 0 0 0 0 0 0 0 0 0 0 0 0 0 0 0 0 0 0 0 0 0 7 0 3 0 8 0 0 0 0 0 0 0 0 0 0 0 0 0 0 0 0 0 0 0 0 0 0 0 0 0 0 0 0 0 0 0 0 0 0 0 0 0 0 0 0 0 0 2 0 0 0 0 0 0 0 0 0 0 0 0 0 0 0 0 0 0 0 0 0 0 0 0 0 0 0 0 0 0 0 0 0 0 0 0 0 0 0 0 0 0 0 0 0 0 0 0 0 0 0 0 0 0 0 0 0 0 0 0 0 0 16 48945647 223 0 3437601 26484352 27175693 2227542 2685340 1916965 2486409 1964828 2481485 2511338 2433082 1726325 2348590 2054615 2212184 2686881 0 0 0 0 0 0 0 0 0 0 0 0 0 0 0 0 0 0 0 0 0 0 0 0 0 0 0 0 0 0 0 0 0 0 0 0 0 0 0 0 0 0 0 0 0 0 0 0 0 0 0 0 0 0 0 0 0 0 0 0 0 0 0 0 0 0 0 0 0 0 0 0 0 0 0 0 0 0 0 0 0 0 0 0 0 0 0 0 0 0 0 0 0 0 0 0 0 0 0 0 0 0 0 0 0 0 0 0 0 0 0 0 16 12435122 111 0 43267 24379520 24387985 0 0 0 0 0 0 0 0 0 0 0 0 0 0 0 0 0 0 0 0 0 0 0 0 0 0 0 0 0 0 0 0 0 0 0 0 0 0 0 0 0 0 0 0 0 0 0 0 0 0 0 0 0 0 0 0 0 0 0 0 0 0 0 0 0 0 0 0 0 0 0 0 0 0 0 0 0 0 0 0 0 0 0 0 0 0 0 0 0 0 0 0 0 0 0 0 0 0 56 0 0 3 0 0 16 15 13989 0 5553 0 31 0 5 0 0 0 0 0 0 0 0 0 0 0 0 0 0 0 0 0 0 16 12359136 129 0 15569 24320415 24360126 0 0 0 0 0 0 0 0 0 0 0 0 0 0 0 0 0 0 0 0 0 0 0 0 0 0 0 0 0 0 0 0 0 0 0 0 0 0 0 0 0 0 0 0 0 0 0 0 0 0 0 0 0 0 0 0 0 0 0 0 0 0 0 0 0 0 0 0 0 0 0 0 0 0 0 0 0 0 0 0 0 0 0 0 0 0 0 0 0 0 0 0 0 0 0 0 0 0 0 0 0 0 0 0 0 0 0 0 0 0 0 0 0 0 0 0 0 0 0 0 5280358 16 12357184 67 0 12795 24305826 24355355 0 0 0 0 0 0 0 0 0 0 0 0 0 0 0 0 0 0 0 0 0 0 0 0 0 0 0 0 0 0 0 0 0 0 0 0 0 0 0 0 0 0 0 0 0 0 0 0 0 0 0 0 0 0 0 0 0 0 0 0 0 0 0 0 0 0 0 0 0 0 0 0 0 0 0 0 0 0 0 0 0 0 0 0 0 0 0 0 0 0 0 0 0 0 0 0 0 0 0 0 0 0 0 0 0 0 0 0 0 0 0 0 0 0 0 0 0 0 0 0 0 0 0 0 0 7286223 6150888 657368109 200661411 395927541 152987613 155678746 4813562
ctxt 25112287918
btime 1549666505
processes 234724231
procs_running 4
procs_blocked 1
softirq 16765629884 2 4226440424 28392445 3851816154 27292639 140125 318484004 3717498196 0 300598599
