cat /proc/stat for rzansel, node rzansel6
statistics about the system since last restart
Fri Feb 15 09:29:45 PST 2019

cpu  594965 2164 174420 78423357 3916 0 906 0 0 0
cpu0 6264 0 4651 438356 200 0 8 0 0 0
cpu1 7106 0 865 440132 54 0 260 0 0 0
cpu2 4280 0 764 444658 7 0 39 0 0 0
cpu3 5600 0 546 443901 5 0 0 0 0 0
cpu4 7599 0 2792 439441 32 0 0 0 0 0
cpu5 6040 0 1834 442070 44 0 0 0 0 0
cpu6 5379 0 731 443901 29 0 0 0 0 0
cpu7 5239 0 561 444275 1 0 0 0 0 0
cpu8 8438 0 3062 438480 4 0 1 0 0 0
cpu9 5860 0 1102 442973 42 0 0 0 0 0
cpu10 5369 0 848 443823 4 0 3 0 0 0
cpu11 6124 0 814 443047 38 0 4 0 0 0
cpu12 12285 0 5423 432204 37 0 0 0 0 0
cpu13 5732 0 847 443507 8 0 0 0 0 0
cpu14 4499 0 646 444916 0 0 0 0 0 0
cpu15 5565 0 552 443747 63 0 135 0 0 0
cpu16 11142 0 4275 434626 32 0 0 0 0 0
cpu17 6815 0 852 442414 17 0 0 0 0 0
cpu18 6438 0 677 442946 3 0 0 0 0 0
cpu19 4662 0 562 444851 17 0 0 0 0 0
cpu20 20664 0 8907 420310 1 0 0 0 0 0
cpu21 5235 0 863 443974 1 0 5 0 0 0
cpu22 4875 0 569 444678 1 0 0 0 0 0
cpu23 4324 0 608 445135 0 0 1 0 0 0
cpu24 7630 0 2373 439943 61 0 0 0 0 0
cpu25 6388 0 843 442870 0 0 3 0 0 0
cpu26 5219 0 666 444213 7 0 1 0 0 0
cpu27 4996 0 673 444391 36 0 0 0 0 0
cpu28 22422 0 8772 418880 3 0 0 0 0 0
cpu29 5747 0 412 443975 3 0 1 0 0 0
cpu30 1214 0 237 448718 3 0 0 0 0 0
cpu31 249 0 352 449372 2 0 66 0 0 0
cpu32 10886 0 1645 436914 585 0 0 0 0 0
cpu33 1893 0 231 447121 847 0 0 0 0 0
cpu34 1028 0 198 448729 146 0 0 0 0 0
cpu35 584 0 126 448707 4 0 2 0 0 0
cpu36 8660 0 1980 439347 20 0 3 0 0 0
cpu37 6337 0 3053 436419 8 0 21 0 0 0
cpu38 5682 0 610 443767 0 0 2 0 0 0
cpu39 4270 0 624 445186 0 0 1 0 0 0
cpu40 7509 0 2201 440141 16 0 145 0 0 0
cpu41 5637 0 576 443847 3 0 3 0 0 0
cpu42 5309 0 595 444141 15 0 0 0 0 0
cpu43 4985 0 605 444474 0 0 0 0 0 0
cpu44 8888 0 1710 439437 3 0 0 0 0 0
cpu45 4717 0 239 445136 2 0 1 0 0 0
cpu46 216 0 106 449769 10 0 0 0 0 0
cpu47 142 0 97 449865 0 0 0 0 0 0
cpu48 11655 0 1640 436751 1 0 0 0 0 0
cpu49 1108 0 151 448855 1 0 0 0 0 0
cpu50 148 0 111 449841 5 0 0 0 0 0
cpu51 48 0 222 449412 0 0 42 0 0 0
cpu52 10326 0 1615 437991 22 0 0 0 0 0
cpu53 5623 0 171 444285 1 0 0 0 0 0
cpu54 455 0 159 449479 0 0 0 0 0 0
cpu55 140 0 93 449840 11 0 0 0 0 0
cpu56 11402 0 1817 436819 32 0 0 0 0 0
cpu57 332 0 262 449109 5 0 31 0 0 0
cpu58 607 0 120 449330 29 0 0 0 0 0
cpu59 180 0 240 449645 11 0 0 0 0 0
cpu60 8320 0 2086 439428 81 0 0 0 0 0
cpu61 5613 0 947 443442 64 0 8 0 0 0
cpu62 4834 0 632 444530 82 0 0 0 0 0
cpu63 5896 0 584 443525 70 0 0 0 0 0
cpu64 7977 0 2237 439623 79 0 1 0 0 0
cpu65 4258 0 1046 444700 38 0 0 0 0 0
cpu66 4576 0 546 444933 42 0 0 0 0 0
cpu67 6765 0 600 442643 59 0 0 0 0 0
cpu68 9530 0 2002 438519 2 0 0 0 0 0
cpu69 6486 0 666 442913 7 0 0 0 0 0
cpu70 4308 0 643 445099 14 0 0 0 0 0
cpu71 4978 0 593 444528 14 0 0 0 0 0
cpu72 7961 0 2098 439871 4 0 52 0 0 0
cpu73 5374 0 682 444029 7 0 0 0 0 0
cpu74 4985 0 578 444502 7 0 0 0 0 0
cpu75 6371 0 516 443178 2 0 2 0 0 0
cpu76 9520 0 2075 438425 8 0 0 0 0 0
cpu77 4904 0 672 444445 9 0 7 0 0 0
cpu78 5155 0 575 444351 1 0 1 0 0 0
cpu79 3873 0 687 445487 3 0 0 0 0 0
cpu80 6821 438 2439 440237 59 0 18 0 0 0
cpu81 5428 397 1826 442315 87 0 0 0 0 0
cpu82 4963 451 2376 442208 91 0 2 0 0 0
cpu83 4550 460 2183 442865 37 0 5 0 0 0
cpu84 5564 144 1263 442479 404 0 3 0 0 0
cpu85 5256 99 1482 443002 0 0 24 0 0 0
cpu86 6888 88 1187 441657 41 0 0 0 0 0
cpu87 6006 85 1207 442530 23 0 5 0 0 0
cpu88 11044 0 4434 434393 0 0 0 0 0 0
cpu89 525 0 426 449121 0 0 0 0 0 0
cpu90 80 0 61 449946 0 0 0 0 0 0
cpu91 94 0 25 449969 0 0 0 0 0 0
cpu92 8950 0 3071 438009 1 0 0 0 0 0
cpu93 164 0 107 449810 0 0 0 0 0 0
cpu94 1 0 1 450083 0 0 0 0 0 0
cpu95 1 0 0 450083 0 0 0 0 0 0
cpu96 14884 0 9176 425982 0 0 0 0 0 0
cpu97 98 0 104 449886 0 0 0 0 0 0
cpu98 3 0 15 450059 0 0 0 0 0 0
cpu99 2 0 1 450077 0 0 0 0 0 0
cpu100 2081 0 1885 446036 0 0 0 0 0 0
cpu101 49 0 52 449972 0 0 0 0 0 0
cpu102 448 0 15 449616 0 0 0 0 0 0
cpu103 151 0 40 449891 0 0 0 0 0 0
cpu104 13377 0 8712 427960 1 0 0 0 0 0
cpu105 398 0 380 449300 0 0 0 0 0 0
cpu106 50 0 11 450013 0 0 0 0 0 0
cpu107 8 0 14 450058 0 0 0 0 0 0
cpu108 2074 0 1705 446210 0 0 0 0 0 0
cpu109 198 0 83 449798 0 0 0 0 0 0
cpu110 79 0 27 449966 0 0 0 0 0 0
cpu111 62 0 46 449966 1 0 0 0 0 0
cpu112 3572 0 1739 444686 0 0 0 0 0 0
cpu113 35 0 33 450005 0 0 0 0 0 0
cpu114 107 0 11 449952 0 0 0 0 0 0
cpu115 282 0 745 448980 0 0 0 0 0 0
cpu116 1691 0 4161 444162 0 0 0 0 0 0
cpu117 692 0 209 449178 0 0 0 0 0 0
cpu118 352 0 33 449687 0 0 0 0 0 0
cpu119 1 0 5 450066 0 0 0 0 0 0
cpu120 1932 0 1388 446678 0 0 0 0 0 0
cpu121 201 0 27 449841 0 0 0 0 0 0
cpu122 3 0 6 450062 0 0 0 0 0 0
cpu123 149 0 10 449909 0 0 0 0 0 0
cpu124 4108 0 1672 444205 0 0 0 0 0 0
cpu125 43 0 6 450021 0 0 0 0 0 0
cpu126 6 0 11 450050 0 0 0 0 0 0
cpu127 1 0 1 450061 0 0 0 0 0 0
cpu128 1485 0 1694 446768 0 0 0 0 0 0
cpu129 14 0 129 449916 0 0 0 0 0 0
cpu130 116 0 43 449904 0 0 0 0 0 0
cpu131 9 0 26 450026 0 0 0 0 0 0
cpu132 1234 0 1435 447337 0 0 0 0 0 0
cpu133 22 0 90 449942 0 0 0 0 0 0
cpu134 1 0 35 450018 0 0 0 0 0 0
cpu135 0 0 2 450056 0 0 0 0 0 0
cpu136 1807 0 1638 446634 0 0 0 0 0 0
cpu137 164 0 21 449873 0 0 0 0 0 0
cpu138 364 0 13 449678 0 0 0 0 0 0
cpu139 0 0 1 450051 0 0 0 0 0 0
cpu140 1115 0 1327 447561 0 0 0 0 0 0
cpu141 377 0 16 449659 0 0 0 0 0 0
cpu142 0 0 0 450048 0 0 0 0 0 0
cpu143 0 0 2 450049 0 0 0 0 0 0
cpu144 2364 0 2382 445240 0 0 0 0 0 0
cpu145 230 0 57 449767 0 0 0 0 0 0
cpu146 2 0 29 450017 0 0 0 0 0 0
cpu147 1 0 2 450041 0 0 0 0 0 0
cpu148 2193 0 2594 445146 0 0 0 0 0 0
cpu149 5 0 222 449806 0 0 0 0 0 0
cpu150 2086 0 188 447719 0 0 0 0 0 0
cpu151 2 0 0 450039 0 0 0 0 0 0
cpu152 1445 0 1377 447187 0 0 0 0 0 0
cpu153 23 0 19 450001 0 0 0 0 0 0
cpu154 1 0 7 450033 0 0 0 0 0 0
cpu155 2 0 0 450034 0 0 0 0 0 0
cpu156 1101 0 1294 447560 0 0 0 0 0 0
cpu157 46 0 8 449982 0 0 0 0 0 0
cpu158 1 0 2 450031 0 0 0 0 0 0
cpu159 0 0 2 450028 0 0 0 0 0 0
cpu160 3392 0 1385 445224 0 0 0 0 0 0
cpu161 17 0 6 450009 0 0 0 0 0 0
cpu162 3 0 4 450020 0 0 0 0 0 0
cpu163 0 0 2 450025 0 0 0 0 0 0
cpu164 1219 0 1729 447057 0 0 0 0 0 0
cpu165 13 0 4 450007 0 0 0 0 0 0
cpu166 4 0 4 450014 0 0 0 0 0 0
cpu167 2 0 1 450020 0 0 0 0 0 0
cpu168 97 0 597 449317 0 0 0 0 0 0
cpu169 75 1 234 449699 0 0 0 0 0 0
cpu170 181 0 1492 448351 0 0 0 0 0 0
cpu171 54 0 68 449899 0 0 0 0 0 0
cpu172 169 0 255 449593 0 0 0 0 0 0
cpu173 144 0 101 449762 0 0 0 0 0 0
cpu174 35 1 78 449901 0 0 0 0 0 0
cpu175 28 0 53 449925 0 0 0 0 0 0
intr 27385180 0 0 0 0 0 0 0 0 0 0 0 0 0 0 0 0 0 0 55 0 2 0 0 0 0 0 0 3435 0 0 0 0 0 0 0 0 0 0 0 0 0 0 0 0 0 0 0 0 0 1574 1783 192 153 29087 1234 351 0 0 0 0 0 0 0 1 0 0 0 0 0 29 357 49 0 0 0 0 168 301 180 28 0 0 0 0 7915 1841 533 15 0 0 0 0 0 0 2100 1057 0 0 0 0 3254473 1585 5876335 4235 379813 642 1117 276 95 63 79 59 11 1955 358 21 12 6229 614 43 66 53282 14554 2483 515 15055 29664 6 290 0 74 0 53 0 85 0 14 0 67 0 85 10 0 342 56 0 0 0 42 0 34 0 8473 0 8553 0 16224 10706 72219 4168 2375 2823 0 7 0 2 0 2184 0 2865 0 13 0 1 14 4 0 1 0 0 0 1 0 0 0 0 0 0 0 0 0 0 0 0 0 5 0 0 0 1 0 0 0 0 0 0 0 0 0 0 0 0 0 0 0 6 0 0 0 1 1 0 0 1 0 0 0 15 64841 9 0 321291 6038 9406 374629 6850 351763 6191 148181 6847 9169 8883 55879 7164 5662 4628 5501 0 0 0 0 0 0 0 0 0 0 0 0 0 0 0 0 0 0 0 0 0 0 0 0 0 0 0 0 0 0 0 0 0 0 0 0 0 0 0 0 0 0 0 0 0 0 0 0 0 0 0 0 0 0 0 0 0 0 0 0 0 0 0 0 0 0 0 0 0 0 0 0 0 0 0 0 0 0 0 0 0 0 0 0 0 0 0 0 0 0 0 0 0 0 0 0 0 0 0 0 0 0 0 0 0 0 0 0 0 0 0 0 0 0 0 0 0 0 0 0 0 0 0 0 0 0 0 0 0 0 0 0 0 0 0 0 0 0 0 0 0 0 0 0 0 0 0 0 0 0 0 0 0 0 0 0 0 0 0 0 15 13515 6 0 1103 79 88 0 0 0 0 0 0 0 0 0 0 0 0 0 0 0 0 0 0 0 0 0 0 0 0 0 0 0 0 0 0 0 0 0 0 0 0 0 0 0 0 0 0 0 0 0 0 0 0 0 0 0 0 0 0 0 0 0 0 0 0 0 0 0 0 0 0 0 0 0 0 0 0 0 0 0 0 0 0 0 0 0 0 0 26 0 0 2 0 0 4 15 7346 0 4168 0 20 0 8 0 0 0 0 0 0 0 0 0 0 0 0 0 0 0 0 0 0 0 0 0 0 0 0 0 0 0 0 0 0 0 0 0 0 0 0 0 0 0 0 0 0 0 0 0 0 0 0 0 0 0 0 0 0 0 0 0 0 0 0 0 0 0 0 0 0 0 0 0 0 0 0 0 15 13075 1 0 33 77 86 0 0 0 0 0 0 0 0 0 0 0 0 0 0 0 0 0 0 0 0 0 0 0 0 0 0 0 0 0 0 0 0 0 0 0 0 0 0 0 0 0 0 0 0 0 0 0 0 0 0 0 0 0 0 0 0 0 0 0 0 0 0 0 0 0 0 0 0 0 0 0 0 0 0 0 0 0 0 0 0 0 0 0 0 0 0 0 0 0 0 0 0 0 0 0 0 0 0 0 0 0 0 0 0 0 0 0 0 0 0 0 0 0 0 0 0 0 0 0 0 0 0 0 0 0 0 0 0 0 0 0 0 0 0 0 0 0 0 0 0 0 0 0 0 0 0 0 0 0 0 0 0 0 0 0 0 0 0 0 0 0 0 0 0 0 0 0 0 0 0 0 0 0 15 14014 5 0 35 76 89 0 0 0 0 0 0 0 0 0 0 0 0 0 0 0 0 0 0 0 0 0 0 0 0 0 0 0 0 0 0 0 0 0 0 0 0 0 0 0 0 0 0 0 0 0 0 0 0 0 0 0 0 0 0 0 0 0 0 0 0 0 0 0 0 0 0 0 0 0 0 0 0 0 0 0 0 0 0 0 0 0 0 0 0 0 0 0 0 0 0 0 0 0 0 0 0 0 0 0 0 0 0 0 0 0 0 0 0 0 0 0 0 0 0 0 0 0 0 0 0 0 0 0 0 0 0 0 0 0 0 0 0 0 0 0 0 0 0 0 0 0 0 0 0 0 0 0 0 0 0 0 0 0 0 0 0 0 0 0 0 0 0 0 0 0 0 0 0 0 0 0 0 0 10271 15310 12916 8558
ctxt 40580256
btime 1550247284
processes 220643
procs_running 3
procs_blocked 0
softirq 24340230 2 1947913 4924 17109779 0 2321 1410265 1593065 0 2271961
