cat /proc/stat for rzansel, node rzansel15
statistics about the system since last restart
Sun Mar  3 18:26:00 PST 2019

cpu  86055338 2769 21760445 6292199126 121038 0 20363 0 0 0
cpu0 6382005 0 477093 29321323 9354 0 197 0 0 0
cpu1 523220 0 96256 35107406 1334 0 8023 0 0 0
cpu2 662899 0 247871 35400106 791 0 701 0 0 0
cpu3 296511 0 54573 35413134 744 0 44 0 0 0
cpu4 1006333 0 534653 34509257 1130 0 3 0 0 0
cpu5 307301 0 62960 35362147 745 0 24 0 0 0
cpu6 312444 0 60858 35356634 601 0 20 0 0 0
cpu7 413467 0 53018 35309102 545 0 116 0 0 0
cpu8 1180614 0 404577 34440464 2768 0 27 0 0 0
cpu9 500885 0 73364 35238801 3018 0 17 0 0 0
cpu10 370277 0 64066 35305664 756 0 24 0 0 0
cpu11 313150 0 53030 35368128 486 0 7 0 0 0
cpu12 1087019 0 338307 34494115 2848 0 31 0 0 0
cpu13 446666 0 87332 35243802 608 0 43 0 0 0
cpu14 360669 0 61029 35309967 733 0 98 0 0 0
cpu15 373607 0 55039 35355525 536 0 29 0 0 0
cpu16 1238862 0 383149 34387338 1766 0 64 0 0 0
cpu17 451834 0 85038 35203836 997 0 47 0 0 0
cpu18 317518 0 55741 35381594 788 0 16 0 0 0
cpu19 418741 0 86181 35208380 941 0 2 0 0 0
cpu20 912128 0 369997 34645250 1437 0 622 0 0 0
cpu21 352551 0 73622 35311411 911 0 8 0 0 0
cpu22 503805 0 57813 35226678 714 0 3 0 0 0
cpu23 460122 0 57203 35204177 746 0 1 0 0 0
cpu24 1060986 0 361950 34564979 2138 0 1046 0 0 0
cpu25 487469 0 78278 35186162 1164 0 2 0 0 0
cpu26 395781 0 57957 35289787 757 0 4 0 0 0
cpu27 316592 0 53970 35383112 623 0 56 0 0 0
cpu28 1176058 0 392136 34385397 1823 0 35 0 0 0
cpu29 428798 0 67184 35295992 951 0 4 0 0 0
cpu30 449247 0 64511 35223658 718 0 228 0 0 0
cpu31 425509 0 87833 35208982 514 0 5 0 0 0
cpu32 1272053 0 405061 34377138 1040 0 8 0 0 0
cpu33 517012 0 108873 35181530 732 0 5 0 0 0
cpu34 482000 0 85016 35220569 571 0 1 0 0 0
cpu35 285618 0 50745 35388602 615 0 10 0 0 0
cpu36 1034440 0 354391 34562945 987 0 1 0 0 0
cpu37 635866 0 73739 35147879 1064 0 63 0 0 0
cpu38 330599 0 57161 35349180 717 0 50 0 0 0
cpu39 361605 0 54482 35317261 966 0 3 0 0 0
cpu40 1858621 0 384891 34064394 3465 0 44 0 0 0
cpu41 508640 0 92245 35146148 1081 0 25 0 0 0
cpu42 345054 0 76047 35329205 556 0 5 0 0 0
cpu43 300863 0 41545 35381274 352 0 7 0 0 0
cpu44 840643 0 354812 34645247 1871 0 13 0 0 0
cpu45 513910 0 53367 35161885 639 0 168 0 0 0
cpu46 307701 0 50164 35367250 988 0 16 0 0 0
cpu47 599173 0 80771 35091209 519 0 3 0 0 0
cpu48 1123051 0 379915 34488496 4236 0 7 0 0 0
cpu49 543533 0 75861 35227725 813 0 6 0 0 0
cpu50 381880 0 63666 35295611 602 0 2 0 0 0
cpu51 401718 0 46091 35316653 322 0 6 0 0 0
cpu52 1084106 0 362161 34502952 3071 0 1 0 0 0
cpu53 496838 0 53406 35264188 877 0 28 0 0 0
cpu54 464001 0 64953 35236090 666 0 193 0 0 0
cpu55 410794 0 41433 35327426 849 0 2 0 0 0
cpu56 1213406 0 350250 34444455 2461 0 4 0 0 0
cpu57 500789 0 61433 35224837 849 0 5 0 0 0
cpu58 325714 0 54918 35338225 612 0 4 0 0 0
cpu59 356893 0 56884 35339157 509 0 292 0 0 0
cpu60 974551 0 361305 34531615 2749 0 4 0 0 0
cpu61 538000 0 89684 35159664 691 0 168 0 0 0
cpu62 496479 0 111798 35135355 741 0 1 0 0 0
cpu63 411970 0 44462 35316679 628 0 2 0 0 0
cpu64 1191864 0 349231 34458374 1682 0 8 0 0 0
cpu65 506911 0 91147 35172405 829 0 44 0 0 0
cpu66 372049 0 48734 35327752 576 0 4 0 0 0
cpu67 354284 0 46898 35376907 665 0 4 0 0 0
cpu68 1152779 0 379032 34439679 1255 0 9 0 0 0
cpu69 417429 0 53566 35288008 516 0 32 0 0 0
cpu70 451573 0 64532 35229156 675 0 5 0 0 0
cpu71 439916 0 46218 35259583 427 0 6 0 0 0
cpu72 1100449 0 335217 34541834 1888 0 222 0 0 0
cpu73 542951 0 76673 35130795 1102 0 583 0 0 0
cpu74 418232 0 45790 35293944 993 0 2 0 0 0
cpu75 275065 0 37867 35391170 610 0 2 0 0 0
cpu76 1110009 0 381902 34417135 1769 0 6 0 0 0
cpu77 475886 0 51775 35257325 727 0 3 0 0 0
cpu78 466858 0 62849 35201347 810 0 3 0 0 0
cpu79 321001 0 57340 35336452 778 0 8 0 0 0
cpu80 83261 166 54573 37739920 282 0 823 0 0 0
cpu81 61942 317 43132 37756989 186 0 1785 0 0 0
cpu82 61670 134 44953 37753272 87 0 1069 0 0 0
cpu83 56455 40 33762 37771304 137 0 294 0 0 0
cpu84 83769 139 45402 46170836 402 0 751 0 0 0
cpu85 60958 160 35426 46205503 163 0 393 0 0 0
cpu86 62493 359 33752 46203161 655 0 231 0 0 0
cpu87 55798 109 26636 46219750 93 0 1004 0 0 0
cpu88 1539918 0 303397 34515822 3215 0 3 0 0 0
cpu89 683157 0 80487 34989907 191 0 1 0 0 0
cpu90 118106 0 25503 35539505 93 0 0 0 0 0
cpu91 99199 0 34786 35549115 50 0 1 0 0 0
cpu92 1305208 0 529150 34228649 695 0 3 0 0 0
cpu93 198275 0 199195 35440960 552 0 1 0 0 0
cpu94 96319 0 123780 35554971 472 0 1 0 0 0
cpu95 83176 0 98598 35565386 81 0 0 0 0 0
cpu96 1243145 0 387097 34379122 352 0 0 0 0 0
cpu97 420419 0 27338 35310236 49 0 0 0 0 0
cpu98 95726 0 15590 35557545 14 0 0 0 0 0
cpu99 118654 0 16558 35567203 139 0 0 0 0 0
cpu100 936844 0 313874 34672028 350 0 1 0 0 0
cpu101 155253 0 59402 35482159 245 0 0 0 0 0
cpu102 89770 0 16208 35560911 16 0 2 0 0 0
cpu103 102020 0 16058 35549558 61 0 0 0 0 0
cpu104 1126448 0 469148 34378895 202 0 0 0 0 0
cpu105 485090 0 74824 35199316 136 0 4 0 0 0
cpu106 152129 0 20098 35547009 27 0 1 0 0 0
cpu107 105340 0 17273 35563495 94 0 0 0 0 0
cpu108 965959 0 332134 34646583 222 0 0 0 0 0
cpu109 198495 0 21362 35479835 48 0 4 0 0 0
cpu110 138891 0 23881 35536976 50 0 0 0 0 0
cpu111 124040 0 18157 35550536 21 0 0 0 0 0
cpu112 856937 0 322031 34701474 209 0 1 0 0 0
cpu113 501087 0 104165 35112731 254 0 1 0 0 0
cpu114 109671 0 17847 35553877 31 0 0 0 0 0
cpu115 100006 0 15921 35552378 55 0 0 0 0 0
cpu116 869714 0 279510 34661608 907 0 0 0 0 0
cpu117 105094 0 18302 35550266 259 0 1 0 0 0
cpu118 115655 0 17522 35562492 33 0 0 0 0 0
cpu119 112396 0 16960 35562511 280 0 0 0 0 0
cpu120 898014 0 338524 34724478 444 0 2 0 0 0
cpu121 421601 0 71593 35192087 74 0 0 0 0 0
cpu122 157859 0 21257 35560256 26 0 1 0 0 0
cpu123 144830 0 22945 35525590 84 0 0 0 0 0
cpu124 965462 0 358487 34526701 298 0 1 0 0 0
cpu125 122929 0 18462 35556757 42 0 3 0 0 0
cpu126 100142 0 16577 35560611 54 0 1 0 0 0
cpu127 100821 0 18274 35565953 52 0 43 0 0 0
cpu128 1748762 0 241661 34178246 3555 0 2 0 0 0
cpu129 402190 0 63330 35252494 1348 0 0 0 0 0
cpu130 105155 0 15835 35563821 141 0 0 0 0 0
cpu131 84095 0 13918 35563711 27 0 0 0 0 0
cpu132 857739 0 322391 34639364 940 0 0 0 0 0
cpu133 103408 0 24212 35531823 68 0 0 0 0 0
cpu134 117567 0 16313 35552406 22 0 0 0 0 0
cpu135 86915 0 14241 35562231 38 0 0 0 0 0
cpu136 982616 0 311912 34622976 190 0 1 0 0 0
cpu137 502012 0 100460 35170150 27 0 0 0 0 0
cpu138 93476 0 15418 35556239 132 0 0 0 0 0
cpu139 77571 0 13564 35568246 25 0 0 0 0 0
cpu140 1064035 0 317552 34514547 187 0 1 0 0 0
cpu141 122923 0 18732 35549739 89 0 1 0 0 0
cpu142 108297 0 15306 35533738 47 0 0 0 0 0
cpu143 123103 0 17272 35566260 42 0 0 0 0 0
cpu144 925967 0 363973 34522380 250 0 0 0 0 0
cpu145 515544 0 94729 35170610 189 0 2 0 0 0
cpu146 104568 0 16314 35565478 74 0 0 0 0 0
cpu147 121167 0 17349 35565094 38 0 0 0 0 0
cpu148 957694 0 323328 34584497 307 0 1 0 0 0
cpu149 106371 0 26392 35545445 78 0 2 0 0 0
cpu150 147809 0 18235 35547603 128 0 0 0 0 0
cpu151 117227 0 19049 35556214 226 0 0 0 0 0
cpu152 981946 0 357905 34538140 306 0 0 0 0 0
cpu153 564578 0 106396 35110621 142 0 0 0 0 0
cpu154 151657 0 19719 35564041 182 0 0 0 0 0
cpu155 92297 0 14292 35555822 19 0 0 0 0 0
cpu156 997710 0 323848 34591291 159 0 2 0 0 0
cpu157 126811 0 18446 35542477 121 0 1 0 0 0
cpu158 111230 0 17953 35554156 143 0 0 0 0 0
cpu159 86958 0 14148 35565900 27 0 0 0 0 0
cpu160 998355 0 350751 34479539 431 0 0 0 0 0
cpu161 475038 0 84895 35195337 532 0 0 0 0 0
cpu162 87996 0 14691 35562644 51 0 1 0 0 0
cpu163 118424 0 16124 35565218 29 0 0 0 0 0
cpu164 933652 0 310036 34615792 565 0 0 0 0 0
cpu165 144534 0 19494 35549116 364 0 0 0 0 0
cpu166 145127 0 18984 35556789 91 0 0 0 0 0
cpu167 106282 0 16903 35536464 277 0 177 0 0 0
cpu168 40414 151 263648 37580060 94 0 27 0 0 0
cpu169 7535 252 24006 37807835 30 0 9 0 0 0
cpu170 6277 96 16728 37818255 15 0 6 0 0 0
cpu171 8378 109 32363 37816679 8 0 14 0 0 0
cpu172 39905 198 298603 45974637 509 0 45 0 0 0
cpu173 5833 296 35257 46268790 30 0 8 0 0 0
cpu174 2409 126 8263 46305008 13 0 2 0 0 0
cpu175 7791 117 48705 46259872 32 0 0 0 0 0
intr 2218480986 0 0 0 0 0 0 0 0 0 0 0 0 0 0 0 0 0 0 1592 0 3 0 0 0 0 0 0 3435 0 0 0 0 0 0 0 0 0 0 0 0 0 0 0 0 0 0 0 0 0 30936 4873 12588 6240 6980 8199 11201 0 0 0 0 0 0 0 47 0 0 0 0 0 4580 14873 3800 0 0 0 0 10012 4199 8396 1896 0 0 0 0 100 8715232 17989 28 0 0 0 0 0 0 21553968 7358649 0 0 0 0 17706353 960572 2045379 17895556 369032 1919624 3138629 2170213 2076844 1044227 1759651 6804308 3410243 11580049 2264562 2682405 3764631 1285161 3846322 0 0 0 0 0 0 0 0 0 0 0 0 0 0 0 0 0 0 0 0 0 0 0 0 0 0 0 0 0 0 0 0 0 0 0 0 0 0 0 0 0 0 0 0 0 0 0 0 0 0 0 0 0 0 0 0 0 0 0 0 0 0 0 0 0 0 0 0 0 0 0 0 0 0 0 0 0 0 0 0 0 0 0 0 0 0 0 0 0 0 0 0 0 0 0 0 0 0 0 0 0 0 0 0 0 0 0 0 0 0 0 0 0 0 0 0 0 0 0 0 0 0 0 0 0 0 0 0 0 0 0 0 0 0 0 0 0 0 0 0 0 0 0 0 0 0 0 0 0 0 0 0 0 0 0 0 0 0 0 0 0 0 0 0 0 0 0 0 0 0 0 0 0 0 6587 2580 14563 5690 10293 4512 104037 4942 56123 8252 6349 2847 2191 2722 5538 2645 3142 1757 6771 3720 1152 1750 4099 5251 2265 1858 5142 3251 3061 6799 6592 3666 2366 1522 7082 3117 1639 1353 5848 3985 1011 577 121757 50240 44465 31055 114657 43310 196153 13802 4726 41 1933 82 418 204 5597 532 4829 64 630 55 1046 55 601 29 3163 53 2126 43 4438 48 170 79 1386 125 32 17 754 1362 25 48 247 117 26 15 218 30 21 172 499 631 59 69 544 220 111 13 253 172 36 17 163 145 35 19 237421 41155 38767 4280 345788 36477 17246 16724 82 2339093 8960 0 3179945 168540 168849 0 0 0 0 0 0 0 0 0 0 0 0 0 0 0 0 0 0 0 0 0 0 0 0 0 0 0 0 0 0 0 0 0 0 0 0 0 0 0 0 0 0 0 0 0 0 0 0 0 0 0 0 0 0 0 0 0 0 0 0 0 0 0 0 0 0 0 0 0 0 0 0 0 0 0 0 0 0 0 0 0 0 0 799 0 0 3 0 0 50 15 10386 0 14604 0 2185 0 777 0 0 0 0 0 0 0 0 0 0 0 0 0 0 0 0 0 0 0 0 0 0 0 0 0 0 0 0 0 0 0 0 0 0 0 0 0 0 0 0 0 0 0 0 0 0 0 0 0 0 0 0 0 0 0 0 0 0 0 0 0 0 0 0 0 0 0 0 0 0 0 0 0 17 1621780 2175 0 676564 168397 168770 0 0 0 0 0 0 0 0 0 0 0 0 0 0 0 0 0 0 0 0 0 0 0 0 0 0 0 0 0 0 0 0 0 0 0 0 0 0 0 0 0 0 0 0 0 0 0 0 0 0 0 0 0 0 0 0 0 0 0 0 0 0 0 0 0 0 0 0 0 0 0 0 0 0 0 0 0 0 0 0 0 0 0 0 0 0 0 0 0 0 0 0 0 0 0 0 0 0 0 0 0 0 0 0 0 0 0 0 0 0 0 0 0 0 0 0 0 0 0 0 0 0 0 0 0 0 0 0 0 0 0 0 0 0 0 0 0 0 0 0 0 0 0 0 0 0 0 0 0 0 0 0 0 0 0 0 0 0 0 0 0 0 0 0 0 0 0 0 0 0 0 0 0 17 1579650 1090 0 650816 168291 168849 0 0 0 0 0 0 0 0 0 0 0 0 0 0 0 0 0 0 0 0 0 0 0 0 0 0 0 0 0 0 0 0 0 0 0 0 0 0 0 0 0 0 0 0 0 0 0 0 0 0 0 0 0 0 0 0 0 0 0 0 0 0 0 0 0 0 0 0 0 0 0 0 0 0 0 0 0 0 0 0 0 0 0 0 0 0 0 0 0 0 0 0 0 0 0 0 0 0 0 0 0 0 0 0 0 0 0 0 0 0 0 0 0 0 0 0 0 0 0 0 0 0 0 0 0 0 0 0 0 0 0 0 0 0 0 0 0 0 0 0 0 0 0 0 0 0 0 0 0 0 0 0 0 0 0 0 0 0 0 0 0 0 0 0 0 0 0 0 0 0 0 0 0 2344321 1091665 1120936 2423089
ctxt 5357354392
btime 1551203179
processes 5257825
procs_running 4
procs_blocked 2
softirq 615529669 650 142802870 600882 133033353 648 7788836 89375015 103882587 0 138044828
